863,100,23.845375,38.13866
862,100,23.84434,38.009326
864,100,23.857046,38.009433
865,100,23.881294,37.990051
866,100,23.848758,38.02381
867,100,23.843233,37.998718
869,100,23.804569,38.044066
870,100,23.881195,37.990127
870,100,23.881195,37.990127
872,100,23.845386,38.139442
873,100,23.865439,37.998546
874,100,23.87163,38.005268
875,100,23.842545,38.026264
876,100,23.789518,38.10762
878,100,23.765993,38.107295
879,100,23.967186,38.135623
880,100,23.674505,38.067798
882,100,23.826938,38.115471
883,100,23.853392,38.002803
884,100,23.881653,37.99039
885,100,23.959101,38.007335
887,100,23.860905,38.012233
888,100,23.797899,38.097617
889,100,23.877018,38.216002
891,100,23.858399,38.007568
892,100,23.931175,37.873947
893,100,23.728666,38.030074
894,100,23.873814,37.993277
895,100,23.853286,37.966373
896,100,23.874625,38.102829
897,100,23.785611,38.090843
898,100,23.856695,38.003093
899,100,23.793693,38.095023
900,100,23.856056,38.137019
901,100,23.77347,38.033202
903,100,23.755468,38.099379
904,100,23.770795,38.109168
905,100,23.870303,37.995719
906,100,23.791962,38.002872
908,100,23.876856,37.983989
910,100,23.900387,37.956024
911,100,23.816955,38.087203
912,100,23.841072,38.131049
913,100,23.841108,38.131133
914,100,23.789387,38.091365
915,100,23.84424,38.010604
916,100,23.885037,37.927245
917,100,23.810945,38.102736
918,100,23.768593,38.106567
920,100,23.8666,38.001155
921,100,23.90921,37.868911
