863,1000,23.764497,38.036094
865,1000,23.880504,37.989139
866,1000,23.831044,38.026252
867,1000,23.982483,38.026664
870,1000,23.812586,38.043914
870,1000,23.812586,38.043914
872,1000,23.836727,38.042712
874,1000,23.796671,38.006072
876,1000,23.736923,38.089762
879,1000,23.893707,37.942287
882,1000,23.763069,38.112388
883,1000,23.880218,37.999103
884,1000,23.850968,38.025989
885,1000,23.858509,38.007278
887,1000,23.92519,37.883929
888,1000,23.847992,38.144858
889,1000,23.840822,38.131366
891,1000,23.75391,37.979919
892,1000,23.808576,38.010455
893,1000,23.82656,38.065341
895,1000,23.804587,38.01834
896,1000,23.842081,38.136672
897,1000,23.797588,38.097259
898,1000,23.869827,37.996054
899,1000,23.759607,38.065825
900,1000,23.808584,38.060458
901,1000,23.928757,37.877513
903,1000,23.839174,38.130714
905,1000,23.880546,37.989292
906,1000,23.881297,37.990073
908,1000,23.861193,38.011084
910,1000,23.840873,38.01102
912,1000,23.835381,38.123118
913,1000,23.840775,38.13121
914,1000,23.853075,38.182666
915,1000,23.858585,38.002059
916,1000,23.909836,37.870227
917,1000,23.751227,38.0642
920,1000,23.867777,38.004306
