863,1001,23.823445,38.06018
865,1001,23.881255,37.98994
866,1001,23.822147,38.032871
867,1001,23.857821,38.008414
870,1001,23.861295,38.010791
870,1001,23.861295,38.010791
872,1001,23.783614,38.081897
874,1001,23.855718,38.005344
876,1001,23.862547,38.107714
879,1001,23.895617,37.946208
882,1001,23.809543,38.095863
883,1001,23.857648,37.998011
884,1001,23.850968,38.026
885,1001,23.801985,38.013538
887,1001,23.881769,37.991176
888,1001,23.841022,38.131133
889,1001,23.841022,38.131076
891,1001,23.75379,37.980018
892,1001,23.870237,37.995612
893,1001,23.840391,38.131839
895,1001,23.931139,37.87413
896,1001,23.816538,38.086746
897,1001,23.841123,38.130897
898,1001,23.806667,38.009708
899,1001,23.849276,38.14189
900,1001,23.791857,38.092739
901,1001,23.79512,38.017264
903,1001,23.837614,38.127494
905,1001,23.819908,38.034705
906,1001,23.855327,38.024692
908,1001,23.910614,38.002604
910,1001,23.832844,38.024817
912,1001,23.837321,38.127159
913,1001,23.840805,38.131179
914,1001,23.853195,38.184936
915,1001,23.861176,38.000309
916,1001,23.909716,37.870109
917,1001,23.893055,38.101565
920,1001,23.853178,38.014884
