863,1002,23.762903,38.041595
865,1002,23.881245,37.99058
866,1002,23.88073,38.003138
867,1002,23.857691,38.002559
870,1002,23.790954,38.008586
870,1002,23.790954,38.008586
872,1002,23.753714,38.09325
874,1002,23.79586,38.005771
876,1002,23.88323,38.101752
879,1002,23.897526,37.950027
882,1002,23.758507,38.04565
883,1002,23.860161,38.016994
884,1002,23.850847,38.026031
885,1002,23.864546,37.999007
887,1002,23.926839,37.881129
888,1002,23.850543,38.147559
889,1002,23.841072,38.130996
891,1002,23.75384,37.979968
892,1002,23.804346,38.008487
893,1002,23.826561,38.065403
895,1002,23.804787,38.01839
896,1002,23.839911,38.132354
897,1002,23.805038,38.100139
898,1002,23.872948,37.994525
899,1002,23.803888,38.099933
900,1002,23.856167,38.137088
901,1002,23.858308,38.00658
903,1002,23.835674,38.123676
905,1002,23.879757,37.989241
906,1002,23.850179,38.039973
908,1002,23.834242,38.013221
910,1002,23.838154,38.011958
912,1002,23.839189,38.131
913,1002,23.807133,38.045783
914,1002,23.854176,38.185096
915,1002,23.864395,37.999038
916,1002,23.909672,37.86893
917,1002,23.818226,38.087558
920,1002,23.860519,38.000815
