863,1003,23.761578,38.038234
865,1003,23.881225,37.990619
866,1003,23.830253,38.02674
867,1003,23.8279,38.02304
870,1003,23.803818,38.0083
870,1003,23.803818,38.0083
872,1003,23.835827,38.043513
874,1003,23.856199,38.003925
876,1003,23.814807,38.081462
879,1003,23.881283,37.990112
882,1003,23.828915,38.102744
883,1003,23.880607,37.996742
884,1003,23.850508,38.026142
885,1003,23.858509,38.007278
887,1003,23.881608,37.991637
888,1003,23.853592,38.150611
889,1003,23.841023,38.130946
891,1003,23.753278,37.979339
892,1003,23.870237,37.995631
893,1003,23.84086,38.131168
895,1003,23.929369,37.877159
896,1003,23.816577,38.086806
897,1003,23.812069,38.102847
898,1003,23.806207,38.009517
899,1003,23.759878,38.066874
900,1003,23.841701,38.135826
901,1003,23.862386,37.987056
903,1003,23.832233,38.120067
905,1003,23.819279,38.035236
906,1003,23.863606,37.999335
908,1003,23.910436,37.866752
910,1003,23.832794,38.024989
912,1003,23.840299,38.132068
913,1003,23.807432,38.046245
914,1003,23.854466,38.188086
915,1003,23.867186,37.997547
916,1003,23.909721,37.86888
917,1003,23.756756,38.067241
920,1003,23.868239,38.018093
