863,1006,23.760988,38.038485
865,1006,23.833279,38.01385
866,1006,23.829733,38.027098
867,1006,23.86182,38.000068
870,1006,23.860556,38.012481
870,1006,23.860556,38.012481
872,1006,23.836006,38.043983
874,1006,23.795252,38.005401
876,1006,23.885781,38.100562
879,1006,23.900165,37.955364
882,1006,23.760018,38.04338
883,1006,23.882027,37.99153
884,1006,23.847399,38.027202
885,1006,23.85879,38.007476
887,1006,23.92429,37.87532
888,1006,23.855812,38.156859
889,1006,23.840924,38.131438
891,1006,23.75137,37.977729
892,1006,23.801725,38.007495
893,1006,23.84092,38.131107
895,1006,23.806007,38.018661
896,1006,23.84062,38.131484
897,1006,23.81604,38.10548
898,1006,23.806097,38.009448
899,1006,23.761978,38.069187
900,1006,23.761328,38.042198
901,1006,23.858398,38.006869
903,1006,23.826664,38.115039
905,1006,23.875516,37.991893
906,1006,23.84701,38.042224
908,1006,23.834182,38.013221
910,1006,23.833374,38.01345
912,1006,23.840491,38.132197
913,1006,23.810772,38.052768
914,1006,23.856797,38.200099
915,1006,23.874495,37.992537
916,1006,23.907612,37.868644
917,1006,23.762735,38.06966
920,1006,23.85791,38.003047
