863,1007,23.826164,38.064792
865,1007,23.881247,37.989978
866,1007,23.829553,38.027217
867,1007,23.828109,38.02309
870,1007,23.790844,38.008445
870,1007,23.790844,38.008445
872,1007,23.773264,38.074145
874,1007,23.874941,37.992534
876,1007,23.815998,38.083262
879,1007,23.900316,37.957305
882,1007,23.825275,38.099643
883,1007,23.853489,37.998012
884,1007,23.881258,37.989994
885,1007,23.800575,38.013275
887,1007,23.921641,37.87313
888,1007,23.840372,38.131843
889,1007,23.840433,38.131828
891,1007,23.749519,37.976421
892,1007,23.865448,37.998481
893,1007,23.840595,38.131763
895,1007,23.924669,37.885268
896,1007,23.817148,38.087645
897,1007,23.819981,38.10876
898,1007,23.880047,37.988987
899,1007,23.849026,38.141459
900,1007,23.825485,38.113803
901,1007,23.930967,37.874183
903,1007,23.824583,38.113929
905,1007,23.816968,38.037025
906,1007,23.867935,37.997157
908,1007,23.911917,37.866813
910,1007,23.831754,38.025851
912,1007,23.840451,38.132197
913,1007,23.811043,38.053337
914,1007,23.856827,38.202709
915,1007,23.879046,37.989566
916,1007,23.906872,37.868534
917,1007,23.893734,38.102176
920,1007,23.87172,38.017733
