863,101,23.820125,38.0904
862,101,23.811783,38.056239
864,101,23.854164,38.008823
865,101,23.881405,37.990222
866,101,23.834724,38.013015
867,101,23.844345,37.994476
869,101,23.80427,38.043605
870,101,23.881145,37.990088
870,101,23.881145,37.990088
872,101,23.759096,38.090308
873,101,23.881472,37.990256
874,101,23.868429,38.005828
875,101,23.844175,38.025844
876,101,23.790308,38.111937
878,101,23.834458,38.12228
879,101,23.902229,37.963119
880,101,23.670616,38.066059
882,101,23.735367,38.104152
883,101,23.894173,37.958693
884,101,23.881672,37.990409
885,101,23.87044,37.99607
887,101,23.864033,37.948215
888,101,23.79336,38.094726
889,101,23.824325,38.09761
891,101,23.856508,38.008128
892,101,23.931244,37.872951
893,101,23.779459,38.076992
894,101,23.882134,37.990699
895,101,23.876879,37.99092
896,101,23.840889,38.131179
897,101,23.785012,38.090831
898,101,23.881977,37.990554
899,101,23.791344,38.092082
900,101,23.858066,38.008609
901,101,23.78036,38.029197
903,101,23.754087,38.097431
904,101,23.767164,38.113242
905,101,23.854944,38.024669
906,101,23.791252,38.00241
908,101,23.881326,37.989974
910,101,23.804916,38.008804
911,101,23.817286,38.087722
912,101,23.759956,38.068313
913,101,23.87322,38.228442
914,101,23.814594,38.105559
915,101,23.844221,38.010604
916,101,23.885517,37.986412
917,101,23.839956,38.132015
918,101,23.770441,38.110027
920,101,23.857908,38.01202
921,101,23.90833,37.868801
