863,1011,23.760434,38.042705
865,1011,23.839359,38.011199
866,1011,23.877319,38.003677
867,1011,23.828479,38.023158
870,1011,23.790814,38.008376
870,1011,23.790814,38.008376
872,1011,23.757494,38.090457
874,1011,23.862961,37.999583
876,1011,23.816488,38.085273
879,1011,23.902666,37.963168
882,1011,23.824835,38.099082
883,1011,23.859341,38.011863
884,1011,23.808622,38.060409
885,1011,23.857836,38.004127
887,1011,23.91995,37.86996
888,1011,23.856471,38.163311
889,1011,23.730494,38.009895
891,1011,23.753669,37.979529
892,1011,23.796975,38.006126
893,1011,23.840705,38.133686
895,1011,23.809856,38.017723
896,1011,23.817718,38.088496
897,1011,23.831708,38.119609
898,1011,23.779216,37.977691
899,1011,23.811138,38.102844
900,1011,23.757639,38.089538
901,1011,23.857826,37.989055
903,1011,23.812913,38.103442
905,1011,23.814659,38.038215
906,1011,23.848568,38.02679
908,1011,23.912597,37.866904
910,1011,23.830284,38.026702
912,1011,23.840441,38.131839
913,1011,23.809063,38.057475
914,1011,23.852676,38.219149
915,1011,23.881897,37.990547
916,1011,23.907509,37.868663
917,1011,23.817566,38.087916
920,1011,23.871759,38.015544
