863,1012,23.761388,38.038268
865,1012,23.843409,38.010601
866,1012,23.874559,38.004317
867,1012,23.987183,38.035407
870,1012,23.803457,38.00814
870,1012,23.803457,38.00814
872,1012,23.840067,38.041904
874,1012,23.794352,38.00476
876,1012,23.744583,38.087573
879,1012,23.907026,37.964229
882,1012,23.760828,38.10926
883,1012,23.881487,37.990062
884,1012,23.841677,38.027732
885,1012,23.8603,38.007285
887,1012,23.881807,37.991054
888,1012,23.837853,38.128025
889,1012,23.730494,38.009895
891,1012,23.755899,37.981761
892,1012,23.858398,38.002131
893,1012,23.821021,38.066631
895,1012,23.881943,37.99055
896,1012,23.817878,38.088668
897,1012,23.835329,38.123229
898,1012,23.805316,38.009048
899,1012,23.774936,38.074546
900,1012,23.850535,38.184921
901,1012,23.931057,37.874011
903,1012,23.807264,38.101222
905,1012,23.872017,37.989818
906,1012,23.84078,38.045745
908,1012,23.860335,38.015728
910,1012,23.824204,38.013969
912,1012,23.840371,38.131778
913,1012,23.809063,38.061317
914,1012,23.850478,38.22515
915,1012,23.881433,37.990226
916,1012,23.906929,37.868683
917,1012,23.775686,38.07492
920,1012,23.865366,37.998797
