863,1013,23.821015,38.066634
865,1013,23.847278,38.010051
866,1013,23.8722,38.005088
867,1013,23.85566,38.006195
870,1013,23.747813,37.975372
870,1013,23.747813,37.975372
872,1013,23.760524,38.069053
874,1013,23.875992,37.997405
876,1013,23.869256,38.105087
879,1013,23.906656,37.964969
882,1013,23.811264,38.099422
883,1013,23.852459,37.999484
884,1013,23.808592,38.060409
885,1013,23.799626,38.015163
887,1013,23.91885,37.869151
888,1013,23.856592,38.166911
889,1013,23.730494,38.009845
891,1013,23.758999,37.983883
892,1013,23.881292,37.990131
893,1013,23.842196,38.136665
895,1013,23.92232,37.888141
896,1013,23.840951,38.131171
897,1013,23.837118,38.126509
898,1013,23.881227,37.989936
899,1013,23.849386,38.141139
900,1013,23.81752,38.088233
901,1013,23.79565,38.017837
903,1013,23.802204,38.099182
905,1013,23.811929,38.039146
906,1013,23.874904,37.992244
908,1013,23.894475,38.004203
910,1013,23.829115,38.027503
912,1013,23.8404,38.131797
913,1013,23.809713,38.065368
914,1013,23.844907,38.22874
915,1013,23.881334,37.990127
916,1013,23.906988,37.868751
917,1013,23.816595,38.088267
920,1013,23.858047,38.008666
