863,1017,23.759695,38.043555
865,1017,23.854927,38.007953
866,1017,23.868009,38.00587
867,1017,23.85648,38.005127
870,1017,23.803457,38.00814
870,1017,23.803457,38.00814
872,1017,23.760362,38.088439
874,1017,23.869301,37.996295
876,1017,23.872437,38.104087
879,1017,23.901113,37.976532
882,1017,23.814804,38.102103
883,1017,23.85034,37.998035
884,1017,23.820755,38.03482
885,1017,23.858455,38.007216
887,1017,23.881976,37.990783
888,1017,23.858667,38.131729
889,1017,23.730672,38.009635
891,1017,23.764321,37.985885
892,1017,23.795225,38.005249
893,1017,23.845467,38.139232
895,1017,23.814957,38.015712
896,1017,23.840662,38.131511
897,1017,23.841083,38.131057
898,1017,23.779917,37.97985
899,1017,23.786017,38.084865
900,1017,23.863752,38.117996
901,1017,23.858497,38.00722
903,1017,23.789583,38.09143
905,1017,23.809849,38.039768
906,1017,23.843819,38.028099
908,1017,23.889175,38.004413
910,1017,23.820034,38.013698
912,1017,23.760658,38.038596
913,1017,23.840767,38.1314
914,1017,23.829098,38.242595
915,1017,23.881326,37.990138
916,1017,23.908789,37.869583
917,1017,23.813555,38.088367
920,1017,23.866307,37.998027
