863,1018,23.820765,38.071753
865,1018,23.855096,38.006542
866,1018,23.823145,38.032466
867,1018,23.873399,37.993758
870,1018,23.747741,37.975334
870,1018,23.747741,37.975334
872,1018,23.838997,38.038795
874,1018,23.793963,38.004489
876,1018,23.890669,38.100795
879,1018,23.896694,37.979392
882,1018,23.761316,38.042331
883,1018,23.849171,37.997516
884,1018,23.834456,38.026363
885,1018,23.86104,38.009887
887,1018,23.913649,37.867038
888,1018,23.832302,38.120143
889,1018,23.730663,38.009585
891,1018,23.76633,37.987056
892,1018,23.858417,38.006763
893,1018,23.840897,38.131164
895,1018,23.915458,37.893462
896,1018,23.84066,38.131255
897,1018,23.841008,38.131038
898,1018,23.804648,38.008635
899,1018,23.820368,38.109145
900,1018,23.810112,38.066768
901,1018,23.851946,37.991584
903,1018,23.786833,38.091281
905,1018,23.870363,37.991146
906,1018,23.839951,38.046344
908,1018,23.831803,38.013709
910,1018,23.817114,38.012878
912,1018,23.760458,38.038665
913,1018,23.811113,38.069488
914,1018,23.840347,38.131656
915,1018,23.878025,37.99039
916,1018,23.909229,37.870243
917,1018,23.789715,38.089591
920,1018,23.857618,38.008197
