863,1021,23.759556,38.043906
865,1021,23.882138,37.990447
866,1021,23.86299,38.006831
867,1021,23.856239,38.003356
870,1021,23.790093,38.007205
870,1021,23.790093,38.007205
872,1021,23.841186,38.037006
874,1021,23.793583,38.004218
876,1021,23.874897,38.102797
879,1021,23.886494,37.985904
882,1021,23.816074,38.102504
883,1021,23.879608,38.002616
884,1021,23.820916,38.03474
885,1021,23.858505,38.007426
887,1021,23.880188,37.989085
888,1021,23.855033,38.175304
889,1021,23.729393,38.009974
891,1021,23.77227,37.991405
892,1021,23.881202,37.989929
893,1021,23.845467,38.139243
895,1021,23.815917,38.015212
896,1021,23.818298,38.089118
897,1021,23.840423,38.131816
898,1021,23.804838,38.008605
899,1021,23.790695,38.090866
900,1021,23.771766,38.056728
901,1021,23.858528,38.007522
903,1021,23.768585,38.108703
905,1021,23.870763,37.991607
906,1021,23.83955,38.046904
908,1021,23.884815,38.003742
910,1021,23.815812,38.012588
912,1021,23.76099,38.040836
913,1021,23.811143,38.070518
914,1021,23.826496,38.257357
915,1021,23.875885,37.99382
916,1021,23.910701,37.870284
917,1021,23.809094,38.090717
920,1021,23.871889,38.007587
