863,1022,23.820536,38.077792
865,1022,23.84534,38.022204
866,1022,23.860409,38.007331
867,1022,23.877051,37.990909
870,1022,23.802807,38.007888
870,1022,23.802807,38.007888
872,1022,23.759845,38.066134
874,1022,23.876793,38.002097
876,1022,23.891779,38.101165
879,1022,23.881143,37.989821
882,1022,23.762947,38.04193
883,1022,23.845452,37.996776
884,1022,23.832834,38.025073
885,1022,23.86118,38.011527
887,1022,23.910518,37.866718
888,1022,23.827132,38.115661
889,1022,23.729393,38.009994
891,1022,23.775631,37.992896
892,1022,23.793545,38.004097
893,1022,23.820833,38.07719
895,1022,23.907428,37.899154
896,1022,23.840042,38.13187
897,1022,23.840998,38.130816
898,1022,23.881878,37.990547
899,1022,23.826337,38.114864
900,1022,23.830728,38.118815
901,1022,23.932148,37.875515
903,1022,23.776524,38.09122
905,1022,23.870275,37.995776
906,1022,23.839428,38.028728
908,1022,23.830982,38.0139
910,1022,23.814213,38.012237
912,1022,23.760389,38.042006
913,1022,23.841024,38.130946
914,1022,23.829725,38.262649
915,1022,23.876005,37.99636
916,1022,23.91084,37.869205
917,1022,23.793385,38.094345
920,1022,23.869906,37.996036
