863,1026,23.819645,38.080653
865,1026,23.859297,38.001731
866,1026,23.85392,38.008971
867,1026,23.88023,37.989078
870,1026,23.789253,38.006027
870,1026,23.789253,38.006027
872,1026,23.763022,38.082339
874,1026,23.877571,37.990516
876,1026,23.89259,38.101417
879,1026,23.881301,37.989978
882,1026,23.762707,38.04166
883,1026,23.859122,38.011874
884,1026,23.823343,38.032535
885,1026,23.860238,38.012946
887,1026,23.911599,37.868305
888,1026,23.821671,38.110469
889,1026,23.729233,38.010535
891,1026,23.78602,38.000167
892,1026,23.793455,38.004047
893,1026,23.840903,38.131007
895,1026,23.897579,37.901584
896,1026,23.839032,38.130488
897,1026,23.845356,38.138598
898,1026,23.805929,38.009116
899,1026,23.831099,38.118903
900,1026,23.81798,38.087844
901,1026,23.849245,37.992751
903,1026,23.774213,38.092677
905,1026,23.808699,38.040107
906,1026,23.837368,38.029639
908,1026,23.830073,38.014011
910,1026,23.882089,37.990665
912,1026,23.760969,38.042247
913,1026,23.811714,38.07223
914,1026,23.826725,38.27624
915,1026,23.871624,38.00074
916,1026,23.911441,37.866805
917,1026,23.804985,38.100062
920,1026,23.871738,38.005386
