863,1027,23.759096,38.044646
865,1027,23.881416,37.993728
866,1027,23.823145,38.032477
867,1027,23.831829,38.022136
870,1027,23.881999,37.990672
870,1027,23.881999,37.990672
872,1027,23.844536,38.034629
874,1027,23.793223,38.003959
876,1027,23.817207,38.087295
879,1027,23.880834,37.989544
882,1027,23.821444,38.091777
883,1027,23.844332,37.997329
884,1027,23.881308,37.9901
885,1027,23.795755,38.015723
887,1027,23.875208,37.992187
888,1027,23.852703,38.184314
889,1027,23.729214,38.010597
891,1027,23.78964,38.001739
892,1027,23.860056,38.007235
893,1027,23.845007,38.140044
895,1027,23.816788,38.014823
896,1027,23.84116,38.130771
897,1027,23.845456,38.139068
898,1027,23.782165,37.983501
899,1027,23.804186,38.099773
900,1027,23.840326,38.131732
901,1027,23.933148,37.877734
903,1027,23.772733,38.092677
905,1027,23.870934,37.991778
906,1027,23.839821,38.049025
908,1027,23.917348,37.868125
910,1027,23.811824,38.011676
912,1027,23.760619,38.042598
913,1027,23.833057,38.12091
914,1027,23.826855,38.27994
915,1027,23.882157,37.990699
916,1027,23.912971,37.866977
917,1027,23.809775,38.095867
920,1027,23.870096,37.995975
