863,103,23.825485,38.114215
862,103,23.808662,38.058368
864,103,23.853445,38.008994
865,103,23.881187,37.990009
866,103,23.848749,38.02378
867,103,23.880268,37.989104
869,103,23.803899,38.041522
870,103,23.8815,37.990111
870,103,23.8815,37.990111
872,103,23.758606,38.090079
873,103,23.881771,37.990436
874,103,23.861,38.007278
875,103,23.755186,38.046271
876,103,23.790848,38.12012
878,103,23.766382,38.107856
879,103,23.900419,37.962108
880,103,23.663126,38.060951
882,103,23.824548,38.113971
883,103,23.889834,37.956844
884,103,23.881681,37.990508
885,103,23.858183,38.006271
887,103,23.865793,37.946643
888,103,23.788999,38.089064
889,103,23.876498,38.217662
891,103,23.850128,38.00957
892,103,23.921682,37.888827
893,103,23.709177,38.011275
894,103,23.839137,38.011374
895,103,23.880018,37.989009
896,103,23.840908,38.131149
897,103,23.783842,38.09088
898,103,23.882177,37.990874
899,103,23.789804,38.090331
900,103,23.840214,38.130813
901,103,23.773489,38.033172
903,103,23.751717,38.094871
904,103,23.771033,38.108424
905,103,23.869362,37.996287
906,103,23.790451,38.002188
908,103,23.882802,37.987697
910,103,23.804197,38.008483
911,103,23.819056,38.089393
912,103,23.841072,38.130919
913,103,23.841068,38.131083
914,103,23.814624,38.104709
915,103,23.84192,38.010855
916,103,23.889207,37.98437
917,103,23.840477,38.133113
918,103,23.768692,38.107108
920,103,23.857428,38.01065
921,103,23.906791,37.868628
