863,1036,23.822986,38.086753
865,1036,23.880815,38.003207
866,1036,23.822878,38.032218
867,1036,23.983451,38.057197
870,1036,23.860177,38.021533
870,1036,23.860177,38.021533
872,1036,23.852465,38.030948
874,1036,23.791882,38.002845
876,1036,23.754222,38.088123
879,1036,23.874883,37.995891
882,1036,23.821273,38.091464
883,1036,23.857502,38.008335
884,1036,23.881128,37.98986
885,1036,23.860875,38.009086
887,1036,23.907658,37.868633
888,1036,23.80552,38.100616
889,1036,23.728785,38.011428
891,1036,23.818841,38.013087
892,1036,23.874843,37.992396
893,1036,23.818443,38.087268
895,1036,23.824663,38.031158
896,1036,23.819048,38.089518
897,1036,23.830954,38.140006
898,1036,23.881651,37.990413
899,1036,23.84074,38.131374
900,1036,23.806285,38.100833
901,1036,23.80399,38.018226
903,1036,23.771064,38.095008
905,1036,23.872204,37.993301
906,1036,23.839601,38.05088
908,1036,23.859635,38.023692
910,1036,23.892417,37.982105
912,1036,23.758497,38.045635
913,1036,23.812494,38.07685
914,1036,23.818853,38.296443
915,1036,23.871303,38.005283
916,1036,23.909839,37.868675
917,1036,23.844639,38.046378
920,1036,23.857878,38.007602
