863,1041,23.750485,38.049331
865,1041,23.876999,37.991001
866,1041,23.824935,38.031074
867,1041,23.873259,37.994129
870,1041,23.859667,38.023655
870,1041,23.859667,38.023655
872,1041,23.762533,38.080772
874,1041,23.866182,38.006191
876,1041,23.887327,38.099368
879,1041,23.870164,37.996028
882,1041,23.752148,38.09465
883,1041,23.855652,38.005515
884,1041,23.880499,37.9892
885,1041,23.86023,38.021026
887,1041,23.871149,37.994555
888,1041,23.79714,38.097366
889,1041,23.724002,38.012744
891,1041,23.837343,38.01208
892,1041,23.860655,38.007717
893,1041,23.848837,38.142188
895,1041,23.893631,37.915709
896,1041,23.840577,38.131603
897,1041,23.823435,38.138095
898,1041,23.777645,37.990493
899,1041,23.816796,38.103534
900,1041,23.816713,38.052928
901,1041,23.854086,38.012973
903,1041,23.773754,38.099727
905,1041,23.858466,38.00719
906,1041,23.881147,37.990257
908,1041,23.881245,37.994064
910,1041,23.799604,38.007186
912,1041,23.752338,38.048984
913,1041,23.817808,38.106414
914,1041,23.840961,38.131327
915,1041,23.882335,38.001593
916,1041,23.909675,37.869907
917,1041,23.826198,38.114673
920,1041,23.85536,38.010871
