863,1044,23.821877,38.091785
865,1044,23.879659,37.989311
866,1044,23.829456,38.026962
867,1044,23.876958,37.990958
870,1044,23.802248,38.007529
870,1044,23.802248,38.007529
872,1044,23.762302,38.080131
874,1044,23.789221,38.001792
876,1044,23.887688,38.098258
879,1044,23.868075,37.997119
882,1044,23.841047,38.130935
883,1044,23.862491,37.999835
884,1044,23.872188,37.99528
885,1044,23.880935,37.989554
887,1044,23.870239,37.995715
888,1044,23.79389,38.095454
889,1044,23.720122,38.013816
891,1044,23.850565,38.009414
892,1044,23.860985,38.009635
893,1044,23.840687,38.131583
895,1044,23.878914,37.989711
896,1044,23.821449,38.09175
897,1044,23.823524,38.137465
898,1044,23.776544,37.992583
899,1044,23.819206,38.107273
900,1044,23.865282,38.118293
901,1044,23.806549,38.018775
903,1044,23.768457,38.107699
905,1044,23.870024,37.996108
906,1044,23.832878,38.024718
908,1044,23.854174,38.024905
910,1044,23.905439,37.971038
912,1044,23.751749,38.052634
913,1044,23.816216,38.08411
914,1044,23.841571,38.135269
915,1044,23.858583,38.007594
916,1044,23.909324,37.869655
917,1044,23.842069,38.047138
920,1044,23.881325,37.990047
