863,1045,23.749066,38.050021
865,1045,23.880825,38.00354
866,1045,23.830076,38.026393
867,1045,23.831688,38.016547
870,1045,23.73974,37.969963
870,1045,23.73974,37.969963
872,1045,23.856304,38.028297
874,1045,23.860932,38.007259
876,1045,23.819027,38.089103
879,1045,23.88121,37.99002
882,1045,23.820784,38.091033
883,1045,23.867043,37.997695
884,1045,23.87797,37.99031
885,1045,23.861213,38.011798
887,1045,23.906766,37.86856
888,1045,23.860245,38.204757
889,1045,23.720491,38.014686
891,1045,23.855015,38.008502
892,1045,23.869864,37.990745
893,1045,23.850126,38.142917
895,1045,23.89146,37.919341
896,1045,23.82101,38.109062
897,1045,23.823243,38.138034
898,1045,23.777374,37.993946
899,1045,23.888523,38.246387
900,1045,23.808832,38.057739
901,1045,23.852704,38.016063
903,1045,23.769734,38.101134
905,1045,23.857256,38.00775
906,1045,23.838991,38.051502
908,1045,23.881994,37.990695
910,1045,23.795663,38.005794
912,1045,23.753319,38.055205
913,1045,23.804078,38.099906
914,1045,23.843332,38.138038
915,1045,23.882635,38.001605
916,1045,23.90955,37.869213
917,1045,23.828259,38.116683
920,1045,23.85369,38.013961
