863,1048,23.824375,38.097595
865,1048,23.847629,38.022113
866,1048,23.832645,38.024943
867,1048,23.829708,38.015055
870,1048,23.787164,38.00759
870,1048,23.787164,38.00759
872,1048,23.84082,38.130877
874,1048,23.788292,38.001472
876,1048,23.819647,38.089725
879,1048,23.90996,37.868644
882,1048,23.820663,38.090953
883,1048,23.876961,37.990947
884,1048,23.863489,37.999419
885,1048,23.880917,37.989554
887,1048,23.865278,37.998618
888,1048,23.789499,38.097964
889,1048,23.722251,38.017924
891,1048,23.856245,38.006152
892,1048,23.871303,37.992156
893,1048,23.848696,38.144817
895,1048,23.876824,37.991062
896,1048,23.824298,38.09782
897,1048,23.831693,38.139552
898,1048,23.780255,37.995974
899,1048,23.886623,38.243216
900,1048,23.824968,38.114116
901,1048,23.8074,38.018935
903,1048,23.768757,38.10728
905,1048,23.865355,37.998546
906,1048,23.838981,38.051513
908,1048,23.850744,38.026054
910,1048,23.90618,37.966166
912,1048,23.756871,38.061446
913,1048,23.796988,38.097167
914,1048,23.845543,38.13932
915,1048,23.856462,38.008266
916,1048,23.90955,37.869213
917,1048,23.840219,38.046836
920,1048,23.881365,37.990085
