863,1049,23.745556,38.048888
865,1049,23.881278,37.990032
866,1049,23.88121,37.990073
867,1049,23.982471,38.071998
870,1049,23.801859,38.007419
870,1049,23.801859,38.007419
872,1049,23.859113,38.027729
874,1049,23.861232,38.011378
876,1049,23.755884,38.088832
879,1049,23.861975,37.999957
882,1049,23.747818,38.097663
883,1049,23.880331,37.989146
884,1049,23.873509,37.99385
885,1049,23.861213,38.011848
887,1049,23.862108,37.99995
888,1049,23.863965,38.206878
889,1049,23.724521,38.020564
891,1049,23.856245,38.006164
892,1049,23.847626,37.996844
893,1049,23.817872,38.087859
895,1049,23.887861,37.922363
896,1049,23.816801,38.103633
897,1049,23.834443,38.140651
898,1049,23.880361,37.989036
899,1049,23.841,38.13087
900,1049,23.798425,38.097774
901,1049,23.851324,38.019114
903,1049,23.767383,38.102412
905,1049,23.850896,38.009349
906,1049,23.838892,38.051551
908,1049,23.881605,37.990436
910,1049,23.794994,38.005286
912,1049,23.757811,38.063247
913,1049,23.816486,38.086528
914,1049,23.844933,38.140208
915,1049,23.884026,38.001907
916,1049,23.929741,37.876304
917,1049,23.830808,38.118625
920,1049,23.852029,38.017643
