863,1050,23.825464,38.099563
865,1050,23.848629,38.022033
866,1050,23.833636,38.025374
867,1050,23.881149,37.989848
870,1050,23.881846,37.990504
870,1050,23.881846,37.990504
872,1050,23.754997,38.063655
874,1050,23.787532,38.001213
876,1050,23.885448,38.096588
879,1050,23.909979,37.868655
882,1050,23.837236,38.126593
883,1050,23.881481,37.990348
884,1050,23.859369,38.00162
885,1050,23.85964,38.023665
887,1050,23.859259,38.001701
888,1050,23.78837,38.098082
889,1050,23.725752,38.024104
891,1050,23.856445,38.006984
892,1050,23.789123,38.001735
893,1050,23.838825,38.130031
895,1050,23.819628,38.013953
896,1050,23.824379,38.097998
897,1050,23.836563,38.141113
898,1050,23.781423,37.996726
899,1050,23.825666,38.113403
900,1050,23.763239,38.091293
901,1050,23.850763,37.985717
903,1050,23.767914,38.103133
905,1050,23.862465,37.999767
906,1050,23.836762,38.05125
908,1050,23.825861,38.013999
910,1050,23.90695,37.964648
912,1050,23.757901,38.063388
913,1050,23.841045,38.131064
914,1050,23.845432,38.141929
915,1050,23.857011,38.009326
916,1050,23.907355,37.869006
917,1050,23.894083,38.102397
920,1050,23.820889,38.03413
