863,1052,23.828864,38.102455
865,1052,23.880825,38.003608
866,1052,23.835827,38.027812
867,1052,23.982561,38.075736
870,1052,23.804006,38.042834
870,1052,23.804006,38.042834
872,1052,23.840761,38.13126
874,1052,23.786653,38.000743
876,1052,23.820747,38.090656
879,1052,23.90968,37.868914
882,1052,23.744628,38.099964
883,1052,23.881331,37.990188
884,1052,23.857919,38.00289
885,1052,23.794327,38.012809
887,1052,23.857849,38.003734
888,1052,23.864197,38.208877
889,1052,23.730102,38.032477
891,1052,23.855785,38.005645
892,1052,23.871233,37.994487
893,1052,23.817613,38.087978
895,1052,23.883602,37.924464
896,1052,23.821989,38.09954
897,1052,23.844423,38.139423
898,1052,23.781504,37.996795
899,1052,23.840808,38.130881
900,1052,23.81963,38.080505
901,1052,23.81151,38.019767
903,1052,23.768213,38.103713
905,1052,23.862175,38.000007
906,1052,23.832847,38.024749
908,1052,23.850494,38.026145
910,1052,23.905729,37.964026
912,1052,23.75978,38.066508
913,1052,23.816696,38.08686
914,1052,23.849073,38.144546
915,1052,23.856271,38.010318
916,1052,23.906975,37.868736
917,1052,23.839929,38.048087
920,1052,23.881334,37.990115
