863,1054,23.832556,38.105315
865,1054,23.881329,37.990024
866,1054,23.836327,38.02848
867,1054,23.832249,38.014537
870,1054,23.786945,38.007369
870,1054,23.786945,38.007369
872,1054,23.761391,38.077453
874,1054,23.786554,38.000693
876,1054,23.884299,38.095699
879,1054,23.909581,37.869186
882,1054,23.819033,38.089473
883,1054,23.881349,37.990078
884,1054,23.85808,38.00571
885,1054,23.85515,38.024745
887,1054,23.858458,38.007095
888,1054,23.839513,38.131438
889,1054,23.734342,38.040919
891,1054,23.857456,38.002658
892,1054,23.788763,38.001624
893,1054,23.844726,38.140197
895,1054,23.885933,37.928283
896,1054,23.819229,38.1007
897,1054,23.843192,38.138121
898,1054,23.781814,37.997024
899,1054,23.883552,38.237437
900,1054,23.815424,38.052928
901,1054,23.928758,37.886398
903,1054,23.768254,38.103854
905,1054,23.862205,38.000026
906,1054,23.832807,38.02476
908,1054,23.825441,38.01398
910,1054,23.902288,37.963096
912,1054,23.8411,38.130989
913,1054,23.791378,38.092056
914,1054,23.848072,38.143325
915,1054,23.854271,38.012729
916,1054,23.931131,37.873912
917,1054,23.894123,38.102447
920,1054,23.822788,38.032409
