863,1056,23.832627,38.106105
865,1056,23.850539,38.021812
866,1056,23.841248,38.026431
867,1056,23.881239,37.989917
870,1056,23.881315,37.990134
870,1056,23.881315,37.990134
872,1056,23.859463,38.024337
874,1056,23.786455,38.000644
876,1056,23.821768,38.091544
879,1056,23.90957,37.869216
882,1056,23.801155,38.055034
883,1056,23.88056,38.000995
884,1056,23.867718,37.997329
885,1056,23.881455,37.990085
887,1056,23.858477,38.007334
888,1056,23.787949,38.098525
889,1056,23.739193,38.046619
891,1056,23.864697,37.998908
892,1056,23.870253,37.995647
893,1056,23.838337,38.126094
895,1056,23.883382,37.931423
896,1056,23.81856,38.10094
897,1056,23.840624,38.133773
898,1056,23.783495,37.998313
899,1056,23.830496,38.11811
900,1056,23.846201,38.142962
901,1056,23.813699,38.020286
903,1056,23.768404,38.104285
905,1056,23.839508,38.011168
906,1056,23.832898,38.02473
908,1056,23.848975,38.026634
910,1056,23.900469,37.962905
912,1056,23.841051,38.131038
913,1056,23.816807,38.087032
914,1056,23.848131,38.143245
915,1056,23.852661,38.0163
916,1056,23.909528,37.869293
917,1056,23.839779,38.049548
920,1056,23.84881,38.020553
