863,1057,23.748266,38.059665
865,1057,23.877394,38.003726
866,1057,23.842567,38.02632
867,1057,23.832308,38.014537
870,1057,23.73749,37.968513
870,1057,23.73749,37.968513
872,1057,23.761421,38.076644
874,1057,23.860363,38.017608
876,1057,23.756904,38.089271
879,1057,23.854163,38.005306
882,1057,23.840767,38.131442
883,1057,23.88059,37.996524
884,1057,23.858469,38.007079
885,1057,23.880348,37.989055
887,1057,23.859707,38.007304
888,1057,23.866636,38.211798
889,1057,23.741864,38.049117
891,1057,23.868436,37.996868
892,1057,23.850275,37.997943
893,1057,23.845337,38.139236
895,1057,23.820047,38.013713
896,1057,23.815951,38.102611
897,1057,23.841146,38.130854
898,1057,23.875713,37.991836
899,1057,23.880132,38.238876
900,1057,23.811642,38.054927
901,1057,23.848094,38.020724
903,1057,23.769573,38.10926
905,1057,23.835888,38.012741
906,1057,23.832856,38.024742
908,1057,23.881424,37.990146
910,1057,23.791793,38.002822
912,1057,23.76922,38.07228
913,1057,23.791348,38.092018
914,1057,23.847832,38.143306
915,1057,23.889407,38.004256
916,1057,23.931242,37.874012
917,1057,23.836171,38.124576
920,1057,23.823048,38.032188
