863,1063,23.759636,38.068416
865,1063,23.873354,38.00481
866,1063,23.850079,38.026069
867,1063,23.979372,38.081729
870,1063,23.73481,37.967681
870,1063,23.73481,37.967681
872,1063,23.859963,38.021926
874,1063,23.859854,38.022719
876,1063,23.824416,38.097576
879,1063,23.847756,38.009933
882,1063,23.782058,38.073158
883,1063,23.88119,37.990054
884,1063,23.858929,38.007461
885,1063,23.794958,38.012488
887,1063,23.88119,37.990085
888,1063,23.867707,38.215407
889,1063,23.757536,38.067687
891,1063,23.882606,37.98601
892,1063,23.860435,38.019595
893,1063,23.840677,38.133903
895,1063,23.885812,37.93397
896,1063,23.81183,38.100139
897,1063,23.840647,38.131743
898,1063,23.867754,37.99728
899,1063,23.849106,38.14128
900,1063,23.76631,38.091662
901,1063,23.931056,37.887859
903,1063,23.770443,38.110462
905,1063,23.7163,37.956787
906,1063,23.836496,38.028473
908,1063,23.844195,38.028792
910,1063,23.789364,38.001926
912,1063,23.786608,38.08554
913,1063,23.786259,38.085417
914,1063,23.849062,38.144576
915,1063,23.902277,38.002826
916,1063,23.922292,37.888206
917,1063,23.84037,38.131804
920,1063,23.860418,38.007193
