863,1064,23.78861,38.045398
865,1064,23.85039,38.020984
866,1064,23.850378,38.026187
867,1064,23.881317,37.989978
870,1064,23.802965,38.042861
870,1064,23.802965,38.042861
872,1064,23.754807,38.063655
874,1064,23.783005,37.998149
876,1064,23.758003,38.089759
879,1064,23.844795,38.010402
882,1064,23.817532,38.088111
883,1064,23.844652,37.996989
884,1064,23.857917,38.00431
885,1064,23.882086,37.990657
887,1064,23.860897,38.012283
888,1064,23.842423,38.127158
889,1064,23.762087,38.069519
891,1064,23.882406,37.985369
892,1064,23.867563,37.997386
893,1064,23.811964,38.088977
895,1064,23.881163,37.98976
896,1064,23.82519,38.11296
897,1064,23.839746,38.131782
898,1064,23.793604,38.00402
899,1064,23.870194,38.238471
900,1064,23.843183,38.194167
901,1064,23.851694,37.982077
903,1064,23.768707,38.10702
905,1064,23.827288,38.013961
906,1064,23.882105,37.990744
908,1064,23.822511,38.013858
910,1064,23.900398,37.956191
912,1064,23.789788,38.089679
913,1064,23.839706,38.131778
914,1064,23.847933,38.144976
915,1064,23.906887,38.002566
916,1064,23.919643,37.891024
917,1064,23.840614,38.131678
920,1064,23.847209,38.021305
