863,107,23.823814,38.113685
862,107,23.808742,38.060577
864,107,23.850966,38.009471
865,107,23.881297,37.990058
866,107,23.832843,38.013465
867,107,23.861922,37.98349
869,107,23.80862,38.039882
870,107,23.880562,37.996643
870,107,23.880562,37.996643
872,107,23.757656,38.090518
873,107,23.854559,38.004611
874,107,23.848589,38.009887
875,107,23.848605,38.0237
876,107,23.798257,38.119789
878,107,23.830828,38.118697
879,107,23.900539,37.958408
880,107,23.644417,38.063602
882,107,23.735287,38.104251
883,107,23.85478,38.003913
884,107,23.88184,37.990596
885,107,23.858183,38.006271
887,107,23.872524,37.94168
888,107,23.77416,38.074489
889,107,23.823086,38.094138
891,107,23.837588,38.012103
892,107,23.875145,37.952651
893,107,23.71097,38.010467
894,107,23.835539,38.012885
895,107,23.864725,37.985938
896,107,23.820997,38.068851
897,107,23.781211,38.091739
898,107,23.881316,37.993976
899,107,23.787466,38.086269
900,107,23.857425,38.007949
901,107,23.78237,38.028006
903,107,23.8411,38.130989
904,107,23.770523,38.108443
905,107,23.853568,38.01414
906,107,23.785372,37.99998
908,107,23.877824,37.985256
910,107,23.802307,38.007816
911,107,23.824195,38.096984
912,107,23.859171,38.119037
913,107,23.825924,38.109664
914,107,23.806244,38.100898
915,107,23.832542,38.013549
916,107,23.897008,37.97919
917,107,23.842628,38.137264
918,107,23.768772,38.108322
920,107,23.865329,37.998645
921,107,23.906892,37.868591
