863,1070,23.774777,38.074508
865,1070,23.85404,38.013061
866,1070,23.860128,38.01303
867,1070,23.978684,38.083053
870,1070,23.857166,38.031543
870,1070,23.857166,38.031543
872,1070,23.860213,38.014461
874,1070,23.780245,37.9962
876,1070,23.758243,38.08982
879,1070,23.826286,38.014003
882,1070,23.73658,38.102664
883,1070,23.880377,37.989024
884,1070,23.860188,38.007251
885,1070,23.881485,37.993427
887,1070,23.855538,38.014384
888,1070,23.847992,38.129268
889,1070,23.784966,38.083476
892,1070,23.783924,38.002624
893,1070,23.848177,38.129287
895,1070,23.820756,38.013542
896,1070,23.836331,38.12487
897,1070,23.827296,38.115722
898,1070,23.800462,38.00703
899,1070,23.869685,38.234332
900,1070,23.864312,38.118132
901,1070,23.885469,38.002491
903,1070,23.769427,38.106559
905,1070,23.824217,38.013839
906,1070,23.880455,37.996882
908,1070,23.820812,38.013698
910,1070,23.898008,37.951167
912,1070,23.806108,38.100513
913,1070,23.836348,38.124919
914,1070,23.840685,38.131549
915,1070,23.936857,38.000518
916,1070,23.894352,37.905067
917,1070,23.84106,38.130924
920,1070,23.866739,38.005996
