863,1072,23.786431,38.042441
865,1072,23.855539,38.010791
866,1072,23.858228,38.012
867,1072,23.977563,38.085113
870,1072,23.88155,37.990272
870,1072,23.88155,37.990272
872,1072,23.859173,38.01422
874,1072,23.777575,37.994491
876,1072,23.819767,38.100215
879,1072,23.823435,38.013881
882,1072,23.779859,38.073768
883,1072,23.880358,37.989024
884,1072,23.860798,38.00875
885,1072,23.84449,38.028945
887,1072,23.88063,37.989436
888,1072,23.868055,38.215606
889,1072,23.790816,38.091056
892,1072,23.860961,38.000476
893,1072,23.809263,38.093456
895,1072,23.893072,37.940658
896,1072,23.838681,38.129679
897,1072,23.823626,38.113322
898,1072,23.882128,37.990707
899,1072,23.849767,38.142718
900,1072,23.811676,38.106345
901,1072,23.849552,38.025253
903,1072,23.771102,38.110569
905,1072,23.714029,37.956016
906,1072,23.880165,37.999164
908,1072,23.838403,38.029144
910,1072,23.896658,37.948207
912,1072,23.815348,38.103362
913,1072,23.840777,38.131324
914,1072,23.840894,38.131347
915,1072,23.944076,38.002959
916,1072,23.894583,37.914127
917,1072,23.838918,38.051536
920,1072,23.878559,38.003776
