863,1073,23.828994,38.114711
865,1073,23.871996,38.017718
866,1073,23.88134,37.990192
867,1073,23.976395,38.087371
870,1073,23.800928,38.007251
870,1073,23.800928,38.007251
872,1073,23.759672,38.065734
874,1073,23.856693,38.032409
876,1073,23.760724,38.090889
879,1073,23.820946,38.01374
882,1073,23.816071,38.083682
883,1073,23.876251,37.991488
884,1073,23.860349,38.012652
885,1073,23.794578,38.012599
887,1073,23.854479,38.018561
888,1073,23.849861,38.129989
889,1073,23.791154,38.091464
892,1073,23.854725,37.997882
893,1073,23.84065,38.131598
895,1073,23.821516,38.013561
896,1073,23.8092,38.093642
897,1073,23.822836,38.111312
898,1073,23.804733,38.008521
899,1073,23.871774,38.230521
900,1073,23.781786,38.046317
901,1073,23.936796,37.88552
903,1073,23.769815,38.10638
905,1073,23.824047,38.01385
906,1073,23.848814,38.024943
908,1073,23.818012,38.01305
910,1073,23.907419,37.870433
912,1073,23.815566,38.102931
913,1073,23.770539,38.073047
914,1073,23.840935,38.131107
915,1073,23.948727,38.00439
916,1073,23.891902,37.918628
917,1073,23.8408,38.131251
920,1073,23.86779,38.004276
