863,1076,23.78376,38.043353
865,1076,23.85517,38.008544
866,1076,23.858078,38.008929
867,1076,23.976246,38.08765
870,1076,23.785595,38.005447
870,1076,23.785595,38.005447
872,1076,23.857813,38.013179
874,1076,23.771744,37.99126
876,1076,23.764973,38.09156
879,1076,23.90963,37.869087
882,1076,23.77803,38.074958
883,1076,23.877247,37.990794
884,1076,23.860237,38.012912
885,1076,23.84345,38.027556
887,1076,23.878681,37.989986
888,1076,23.858797,38.133872
889,1076,23.801374,38.098655
892,1076,23.858153,38.002307
893,1076,23.809954,38.096373
895,1076,23.822016,38.013591
896,1076,23.84094,38.131252
897,1076,23.810114,38.102351
898,1076,23.806543,38.00936
899,1076,23.874846,38.22634
900,1076,23.76864,38.091994
901,1076,23.83152,38.023906
903,1076,23.769346,38.106208
905,1076,23.823998,38.013869
906,1076,23.849354,38.024913
908,1076,23.815782,38.012427
910,1076,23.907848,37.870532
912,1076,23.817557,38.105331
913,1076,23.839836,38.131866
914,1076,23.840805,38.131408
915,1076,23.958397,38.007049
916,1076,23.885643,37.929145
917,1076,23.840598,38.131381
920,1076,23.86681,38.001716
