863,1079,23.760696,38.039737
865,1079,23.864817,38.018019
866,1079,23.857477,38.008208
867,1079,23.839996,38.010982
870,1079,23.728468,37.965381
870,1079,23.728468,37.965381
872,1079,23.758093,38.063762
874,1079,23.851175,38.039051
876,1079,23.819277,38.107047
879,1079,23.812917,38.016792
882,1079,23.804648,38.054977
883,1079,23.870791,37.995918
884,1079,23.860269,38.020683
885,1079,23.874948,37.99242
887,1079,23.855589,38.024169
888,1079,23.84972,38.130901
889,1079,23.815443,38.103236
892,1079,23.859066,38.023971
893,1079,23.841076,38.130992
895,1079,23.823196,38.01361
896,1079,23.80893,38.091052
897,1079,23.793613,38.094947
898,1079,23.808754,38.010401
899,1079,23.876147,38.224021
900,1079,23.840336,38.130775
901,1079,23.937716,37.885692
903,1079,23.769007,38.106235
905,1079,23.821638,38.013751
906,1079,23.851383,38.025394
908,1079,23.814213,38.012088
910,1079,23.907838,37.870532
912,1079,23.840913,38.131332
913,1079,23.819034,38.089381
914,1079,23.841465,38.135325
915,1079,23.851664,38.021548
916,1079,23.886734,37.933627
917,1079,23.84268,38.054477
920,1079,23.866079,37.999935
