863,108,23.845415,38.138991
862,108,23.8447,38.009345
864,108,23.852587,38.016265
865,108,23.879488,37.989459
866,108,23.880745,38.00323
867,108,23.881208,37.990066
869,108,23.809031,38.04169
870,108,23.880142,37.99919
870,108,23.880142,37.99919
872,108,23.836996,38.141056
873,108,23.853778,38.006511
874,108,23.844198,38.010536
875,108,23.847244,38.021469
876,108,23.800548,38.115657
878,108,23.767772,38.107756
879,108,23.969635,38.116882
880,108,23.640617,38.063991
882,108,23.819788,38.108382
883,108,23.881117,37.989898
884,108,23.881858,37.990577
885,108,23.9673,38.009474
887,108,23.860494,38.019141
888,108,23.768011,38.072048
889,108,23.820934,38.073944
891,108,23.835777,38.012813
892,108,23.918124,37.89188
893,108,23.709738,38.011047
894,108,23.85924,38.029319
895,108,23.854727,37.968994
896,108,23.884655,38.101001
897,108,23.780472,38.091628
898,108,23.870056,37.996005
899,108,23.840908,38.131206
900,108,23.826557,38.065784
901,108,23.81924,38.021419
903,108,23.747097,38.098182
904,108,23.770283,38.107875
905,108,23.850673,38.026111
906,108,23.782751,37.99789
908,108,23.815189,38.015822
910,108,23.894068,37.943004
911,108,23.825346,38.099482
912,108,23.757886,38.063491
913,108,23.867309,38.236766
914,108,23.777898,38.091067
915,108,23.830002,38.01398
916,108,23.894405,37.91418
917,108,23.792084,38.093066
918,108,23.770064,38.107925
920,108,23.858076,38.008982
921,108,23.906873,37.868628
