863,1081,23.831293,38.118801
865,1081,23.862297,38.019519
866,1081,23.8818,37.992103
867,1081,23.845036,38.010391
870,1081,23.785206,38.004886
870,1081,23.785206,38.004886
872,1081,23.757042,38.061961
874,1081,23.848205,38.041591
876,1081,23.822437,38.110069
879,1081,23.811228,38.017512
882,1081,23.814141,38.079501
883,1081,23.867999,37.997207
884,1081,23.859699,38.023231
885,1081,23.794338,38.012839
887,1081,23.855179,38.024699
888,1081,23.853477,38.1398
889,1081,23.815643,38.102844
892,1081,23.857935,37.998439
893,1081,23.83983,38.131942
895,1081,23.898823,37.952762
896,1081,23.8094,38.088191
897,1081,23.791973,38.092837
898,1081,23.880897,37.995429
899,1081,23.845796,38.142509
900,1081,23.783497,38.081237
901,1081,23.83284,38.024684
903,1081,23.771063,38.110717
905,1081,23.712929,37.954124
906,1081,23.881874,37.990535
908,1081,23.835603,38.027473
910,1081,23.89093,37.936069
912,1081,23.840873,38.131393
913,1081,23.757878,38.067939
914,1081,23.845474,38.139377
915,1081,23.852374,38.021419
916,1081,23.891035,37.936206
917,1081,23.838431,38.057258
920,1081,23.829917,38.026965
