863,1082,23.790266,38.090247
865,1082,23.856381,38.004493
866,1082,23.857486,38.008171
867,1082,23.971695,38.0983
870,1082,23.8813,37.98997
870,1082,23.8813,37.98997
872,1082,23.857393,38.010619
874,1082,23.881371,37.990073
876,1082,23.773893,38.092628
879,1082,23.90916,37.868884
882,1082,23.73377,38.105236
883,1082,23.872019,37.989844
884,1082,23.859735,38.022971
885,1082,23.880274,37.999946
887,1082,23.873642,37.991016
888,1082,23.851887,38.141471
889,1082,23.816522,38.102874
892,1082,23.779483,38.001403
893,1082,23.857246,38.131247
895,1082,23.824096,38.01364
896,1082,23.80944,38.088001
897,1082,23.790434,38.090846
898,1082,23.810894,38.011103
899,1082,23.875366,38.22277
900,1082,23.846621,38.143394
901,1082,23.849123,38.026603
903,1082,23.770582,38.110687
905,1082,23.818178,38.01308
906,1082,23.851762,38.025684
908,1082,23.812113,38.011588
910,1082,23.782243,38.003341
912,1082,23.827966,38.115752
913,1082,23.829077,38.115928
914,1082,23.845494,38.139407
915,1082,23.973107,38.011577
916,1082,23.909509,37.869033
917,1082,23.837159,38.058879
920,1082,23.880758,38.003272
