863,1085,23.835434,38.123161
865,1085,23.91158,38.002269
866,1085,23.857437,38.00809
867,1085,23.855014,38.008281
870,1085,23.857156,38.03332
870,1085,23.857156,38.03332
872,1085,23.755423,38.058361
874,1085,23.88121,37.990073
876,1085,23.828718,38.116218
879,1085,23.810087,38.017932
882,1085,23.813651,38.078589
883,1085,23.881199,37.989895
884,1085,23.859229,38.029311
885,1085,23.794279,38.012901
887,1085,23.850738,38.026069
888,1085,23.787998,38.098464
889,1085,23.823492,38.111331
892,1085,23.858234,38.000129
893,1085,23.858946,38.131587
895,1085,23.825068,38.013709
896,1085,23.81437,38.088634
897,1085,23.781074,38.079257
898,1085,23.810925,38.011134
899,1085,23.875705,38.21942
900,1085,23.810236,38.107585
901,1085,23.83344,38.025116
903,1085,23.769043,38.110088
905,1085,23.813818,38.01197
906,1085,23.882013,37.991325
908,1085,23.809193,38.010799
910,1085,23.888611,37.932807
912,1085,23.835117,38.122882
913,1085,23.752638,38.06581
914,1085,23.822355,38.287742
915,1085,23.851663,38.021659
916,1085,23.893825,37.942417
917,1085,23.894073,38.102378
920,1085,23.831468,38.026035
