863,1087,23.760395,38.041996
865,1087,23.858819,38.002009
866,1087,23.880119,37.998382
867,1087,23.881328,37.990078
870,1087,23.800778,38.00709
870,1087,23.800778,38.00709
872,1087,23.753813,38.05614
874,1087,23.841175,38.045474
876,1087,23.895159,38.091498
879,1087,23.809377,38.01821
882,1087,23.807028,38.054889
883,1087,23.872009,37.992694
884,1087,23.857909,38.031352
885,1087,23.876188,37.995162
887,1087,23.850378,38.026187
888,1087,23.790689,38.097473
889,1087,23.830351,38.117992
892,1087,23.852076,38.025623
893,1087,23.83847,38.129455
895,1087,23.864773,37.998866
896,1087,23.816429,38.088412
897,1087,23.780665,38.077789
898,1087,23.880489,38.000697
899,1087,23.845318,38.138687
900,1087,23.817848,38.106586
901,1087,23.847893,37.979526
903,1087,23.769003,38.109329
905,1087,23.714749,37.953975
906,1087,23.835642,38.050788
908,1087,23.832863,38.024943
910,1087,23.887081,37.933429
912,1087,23.837266,38.126921
913,1087,23.820644,38.090922
914,1087,23.822666,38.283424
915,1087,23.850683,38.021838
916,1087,23.909771,37.868762
917,1087,23.894064,38.102366
920,1087,23.86779,37.997226
