863,1088,23.78232,38.045772
865,1088,23.907532,38.00262
866,1088,23.858177,38.007709
867,1088,23.854995,38.006351
870,1088,23.726677,37.963771
870,1088,23.726677,37.963771
872,1088,23.857162,38.009708
874,1088,23.765324,37.986889
876,1088,23.832738,38.120257
879,1088,23.90687,37.868613
882,1088,23.78441,38.08258
883,1088,23.881208,37.989883
884,1088,23.857136,38.02436
885,1088,23.837669,38.029537
887,1088,23.870552,37.991374
888,1088,23.792429,38.096721
889,1088,23.833752,38.121501
892,1088,23.858603,38.007369
893,1088,23.858806,38.131107
895,1088,23.900423,37.956744
896,1088,23.816769,38.088264
897,1088,23.782745,38.080279
898,1088,23.813534,38.011702
899,1088,23.876865,38.216559
900,1088,23.790504,38.09101
901,1088,23.943775,37.888435
903,1088,23.768745,38.107063
905,1088,23.812779,38.011729
906,1088,23.883753,38.001804
908,1088,23.807182,38.009849
910,1088,23.777074,38.001514
912,1088,23.840622,38.133472
913,1088,23.837376,38.125987
914,1088,23.845373,38.142017
915,1088,23.981157,38.019607
916,1088,23.897285,37.949386
917,1088,23.833039,38.061946
920,1088,23.84217,38.027565
