863,1091,23.760885,38.042316
865,1091,23.90335,38.0028
866,1091,23.880679,38.003242
867,1091,23.856216,38.005302
870,1091,23.800586,38.00703
870,1091,23.800586,38.00703
872,1091,23.751524,38.052108
874,1091,23.840025,38.046256
876,1091,23.836538,38.124839
879,1091,23.808298,38.018611
882,1091,23.807339,38.055289
883,1091,23.858419,38.007033
884,1091,23.85669,38.032412
885,1091,23.875608,37.996734
887,1091,23.846329,38.027866
888,1091,23.797609,38.097621
889,1091,23.838741,38.129863
892,1091,23.850626,38.026103
893,1091,23.83639,38.125056
895,1091,23.861602,38.000117
896,1091,23.816719,38.087203
897,1091,23.785966,38.084468
898,1091,23.880689,38.002246
899,1091,23.839937,38.132365
900,1091,23.820961,38.074103
901,1091,23.945645,37.891284
903,1091,23.767932,38.108779
905,1091,23.812229,38.011611
906,1091,23.835562,38.050468
908,1091,23.805922,38.00925
910,1091,23.884059,37.935028
912,1091,23.840616,38.131564
913,1091,23.820804,38.091064
914,1091,23.826687,38.280211
915,1091,23.848942,38.022048
916,1091,23.898865,37.952956
917,1091,23.826269,38.066436
920,1091,23.870041,37.995998
