863,1093,23.839843,38.131789
865,1093,23.865701,37.998439
866,1093,23.822495,38.032855
867,1093,23.881979,37.991557
870,1093,23.855966,38.034591
870,1093,23.855966,38.034591
872,1093,23.751875,38.05088
874,1093,23.839835,38.046397
876,1093,23.891647,38.095717
879,1093,23.806948,38.018951
882,1093,23.81249,38.077029
883,1093,23.85841,38.007045
884,1093,23.85714,38.033503
885,1093,23.794211,38.012901
887,1093,23.84426,38.028896
888,1093,23.80559,38.100692
889,1093,23.840631,38.131553
892,1093,23.858474,38.002051
893,1093,23.840997,38.130999
895,1093,23.832727,38.01332
896,1093,23.816289,38.084823
897,1093,23.841043,38.131076
898,1093,23.855375,38.008403
899,1093,23.839827,38.132125
900,1093,23.785606,38.083999
901,1093,23.834951,38.026897
903,1093,23.767914,38.108809
905,1093,23.715029,37.955413
906,1093,23.880542,37.996696
908,1093,23.831484,38.025664
910,1093,23.88291,37.932937
912,1093,23.840826,38.131324
913,1093,23.749807,38.061729
914,1093,23.826588,38.276351
915,1093,23.848152,38.022228
916,1093,23.90781,37.868732
917,1093,23.82103,38.066863
920,1093,23.832977,38.024783
