863,1098,23.809716,38.101905
865,1098,23.853058,38.02148
866,1098,23.866471,38.00106
867,1098,23.969755,38.11996
870,1098,23.853497,38.03646
870,1098,23.853497,38.03646
872,1098,23.857893,38.008544
874,1098,23.757252,37.982879
876,1098,23.786925,38.091391
879,1098,23.798729,38.017455
882,1098,23.808368,38.05759
883,1098,23.8631,37.999583
884,1098,23.845587,38.028369
885,1098,23.871569,37.996364
887,1098,23.869323,37.996383
888,1098,23.81452,38.105434
889,1098,23.8404,38.131232
892,1098,23.773813,38.002013
893,1098,23.829979,38.118728
895,1098,23.835296,38.012771
896,1098,23.813309,38.078407
897,1098,23.787496,38.085105
898,1098,23.926246,38.033355
899,1098,23.840658,38.131606
900,1098,23.787464,38.08707
901,1098,23.953434,37.894145
903,1098,23.767887,38.108695
905,1098,23.848877,38.009753
906,1098,23.860233,38.019981
908,1098,23.881224,37.990047
910,1098,23.774016,38.001944
912,1098,23.85153,38.139461
913,1098,23.827865,38.109378
914,1098,23.830248,38.263313
915,1098,23.980358,38.023108
916,1098,23.908125,37.869423
917,1098,23.821131,38.073977
920,1098,23.881838,37.99221
