863,1100,23.782738,38.047153
865,1100,23.88876,38.004279
866,1100,23.865401,37.998871
867,1100,23.863935,37.99929
870,1100,23.725006,37.962741
870,1100,23.725006,37.962741
872,1100,23.857523,38.008125
874,1100,23.756422,37.982429
876,1100,23.840679,38.131549
879,1100,23.7972,38.017493
882,1100,23.81205,38.075893
883,1100,23.860418,38.007285
884,1100,23.821344,38.034583
885,1100,23.883682,38.003424
887,1100,23.867094,37.997665
888,1100,23.821739,38.110481
889,1100,23.83989,38.131324
892,1100,23.848843,38.009772
893,1100,23.825914,38.113703
895,1100,23.823902,38.031932
896,1100,23.812059,38.075843
897,1100,23.840612,38.131793
898,1100,23.926927,38.033496
899,1100,23.840877,38.131316
900,1100,23.837593,38.202838
901,1100,23.840416,38.028312
903,1100,23.767887,38.108775
905,1100,23.799579,38.007068
906,1100,23.884813,38.003551
908,1100,23.929968,37.888259
910,1100,23.909238,37.870246
912,1100,23.85275,38.14046
913,1100,23.844326,38.126929
914,1100,23.826819,38.255084
915,1100,23.980058,38.023098
916,1100,23.900466,37.960597
917,1100,23.821241,38.075187
920,1100,23.836389,38.028556
