863,1105,23.840914,38.131149
865,1105,23.876152,37.991512
866,1105,23.878095,38.00389
867,1105,23.880718,38.002727
870,1105,23.724526,37.96242
870,1105,23.724526,37.96242
872,1105,23.756473,38.04721
874,1105,23.752913,37.97908
876,1105,23.873226,38.103717
879,1105,23.88109,37.989811
882,1105,23.794591,38.095531
883,1105,23.844042,37.997562
884,1105,23.84147,38.045303
885,1105,23.833639,38.025302
887,1105,23.837148,38.029567
888,1105,23.830728,38.118667
892,1105,23.870275,37.995903
893,1105,23.854895,38.117205
895,1105,23.823332,38.032073
896,1105,23.81102,38.068744
897,1105,23.830234,38.118747
898,1105,23.881131,37.989837
899,1105,23.840877,38.131187
900,1105,23.786086,38.084381
901,1105,23.84259,38.026329
903,1105,23.768593,38.108779
905,1105,23.72496,37.962181
906,1105,23.860212,38.013583
908,1105,23.802151,38.007667
910,1105,23.908388,37.869396
912,1105,23.848228,38.143207
913,1105,23.831484,38.107169
914,1105,23.8375,38.229869
915,1105,23.843924,38.02272
916,1105,23.902397,37.963127
917,1105,23.843941,38.138164
920,1105,23.836046,38.027965
