863,1107,23.759917,38.04333
865,1107,23.851219,38.021723
866,1107,23.822874,38.032497
867,1107,23.880488,37.989536
870,1107,23.848717,38.041201
870,1107,23.848717,38.041201
872,1107,23.757023,38.04684
874,1107,23.752693,37.97892
876,1107,23.841118,38.130729
879,1107,23.88063,37.989371
882,1107,23.81211,38.075324
883,1107,23.8584,38.006724
884,1107,23.840227,38.02843
885,1107,23.865457,37.998527
887,1107,23.836149,38.028117
888,1107,23.831579,38.119346
892,1107,23.842493,38.010662
893,1107,23.822878,38.111671
895,1107,23.905024,37.96379
896,1107,23.80923,38.063568
897,1107,23.826266,38.114695
898,1107,23.841354,38.010765
899,1107,23.840979,38.13108
900,1107,23.807075,38.106212
901,1107,23.965924,37.894817
903,1107,23.768624,38.10881
905,1107,23.843967,38.010573
906,1107,23.883934,38.002006
908,1107,23.800951,38.007316
910,1107,23.886871,37.922385
912,1107,23.848327,38.143169
913,1107,23.850716,38.129878
914,1107,23.851249,38.222717
915,1107,23.844072,38.022838
916,1107,23.905227,37.963904
917,1107,23.84543,38.139125
920,1107,23.88046,37.988791
