863,1108,23.782907,38.047881
865,1108,23.880162,37.989013
866,1108,23.877815,38.003879
867,1108,23.871446,37.99562
870,1108,23.776377,38.001174
870,1108,23.776377,38.001174
872,1108,23.861303,38.007122
874,1108,23.833933,38.042578
876,1108,23.788145,38.091419
879,1108,23.79622,38.017734
882,1108,23.809748,38.065834
883,1108,23.881048,37.989741
884,1108,23.84078,38.045742
885,1108,23.83325,38.024894
887,1108,23.857874,38.004073
888,1108,23.868383,38.216499
892,1108,23.84786,37.979679
893,1108,23.850824,38.114726
895,1108,23.843446,38.010539
896,1108,23.841082,38.130962
897,1108,23.824455,38.113875
898,1108,23.928137,38.034076
899,1108,23.844298,38.04586
900,1108,23.782896,38.043876
901,1108,23.844721,38.025588
903,1108,23.768467,38.108764
905,1108,23.725041,37.96228
906,1108,23.859361,38.011775
908,1108,23.937458,37.885528
910,1108,23.907639,37.869197
912,1108,23.847677,38.143058
913,1108,23.766648,38.058971
914,1108,23.853831,38.214938
915,1108,23.980369,38.022907
916,1108,23.909654,37.870155
917,1108,23.818481,38.087131
920,1108,23.833281,38.028155
