863,1109,23.819796,38.108554
865,1109,23.885739,38.003672
866,1109,23.874549,37.992557
867,1109,23.968256,38.131278
870,1109,23.800016,38.007038
870,1109,23.800016,38.007038
872,1109,23.757424,38.046569
874,1109,23.752113,37.978439
876,1109,23.868875,38.105148
879,1109,23.88051,37.989261
882,1109,23.800821,38.098422
883,1109,23.86025,38.012786
884,1109,23.821483,38.034084
885,1109,23.794331,38.012729
887,1109,23.83429,38.026206
888,1109,23.83469,38.122504
892,1109,23.873584,37.993373
893,1109,23.849282,38.144153
895,1109,23.873018,37.99013
896,1109,23.80875,38.060306
897,1109,23.823665,38.112136
898,1109,23.884882,38.001754
899,1109,23.842867,38.045539
900,1109,23.805857,38.100726
901,1109,23.836466,38.028701
903,1109,23.768526,38.108646
905,1109,23.794619,38.00497
906,1109,23.897712,38.003409
908,1109,23.798701,38.006835
910,1109,23.773435,38.002166
912,1109,23.841047,38.130904
913,1109,23.832974,38.105929
914,1109,23.854999,38.207396
915,1109,23.98196,38.021537
916,1109,23.907268,37.964393
917,1109,23.84543,38.139125
920,1109,23.836885,38.028315
