863,1110,23.759487,38.044032
865,1110,23.849868,38.021915
866,1110,23.822855,38.032508
867,1110,23.880718,38.002765
870,1110,23.721845,37.960472
870,1110,23.721845,37.960472
872,1110,23.864593,38.00648
874,1110,23.833033,38.041899
876,1110,23.893948,38.102385
879,1110,23.880081,37.98907
882,1110,23.840887,38.131225
883,1110,23.85853,38.007175
884,1110,23.837646,38.029559
885,1110,23.89471,38.003978
887,1110,23.858253,38.006332
888,1110,23.868253,38.216461
892,1110,23.773573,38.002101
893,1110,23.837275,38.126827
895,1110,23.823251,38.032092
896,1110,23.841091,38.130962
897,1110,23.820795,38.109298
898,1110,23.88052,37.989257
899,1110,23.840877,38.046458
900,1110,23.783625,38.082019
901,1110,23.971514,37.893775
903,1110,23.770674,38.105231
905,1110,23.843567,38.010612
906,1110,23.884795,38.002086
908,1110,23.939868,37.887038
910,1110,23.890871,37.920074
912,1110,23.841038,38.130943
913,1110,23.825674,38.102207
914,1110,23.85359,38.201155
915,1110,23.981341,38.020106
916,1110,23.909645,37.870136
917,1110,23.818231,38.087619
920,1110,23.881258,37.990039
