863,1112,23.823376,38.113414
865,1112,23.885688,38.003672
866,1112,23.875441,37.991946
867,1112,23.879578,37.989364
870,1112,23.845367,38.043083
870,1112,23.845367,38.043083
872,1112,23.867153,38.005962
874,1112,23.832604,38.04161
876,1112,23.864806,38.106398
879,1112,23.878392,37.990039
882,1112,23.811108,38.069763
883,1112,23.86025,38.016505
884,1112,23.821804,38.033844
885,1112,23.832861,38.024974
887,1112,23.858392,38.00677
888,1112,23.868154,38.216399
892,1112,23.849201,37.97964
893,1112,23.850464,38.114307
895,1112,23.907303,37.964382
896,1112,23.80913,38.057425
897,1112,23.809994,38.102287
898,1112,23.836834,38.012435
899,1112,23.840866,38.046576
900,1112,23.834963,38.203906
901,1112,23.834946,38.026912
903,1112,23.769993,38.105048
905,1112,23.792208,38.003188
906,1112,23.902683,38.002768
908,1112,23.94344,37.888007
910,1112,23.893431,37.915794
912,1112,23.840927,38.131263
913,1112,23.771177,38.057121
914,1112,23.85133,38.188613
915,1112,23.97685,38.014537
916,1112,23.905897,37.968235
917,1112,23.84547,38.139347
920,1112,23.831621,38.029025
