863,1113,23.759407,38.04415
865,1113,23.848318,38.022025
866,1113,23.874876,38.00434
867,1113,23.873797,37.993122
870,1113,23.774736,38.001754
870,1113,23.774736,38.001754
872,1113,23.757713,38.046291
874,1113,23.750515,37.977237
876,1113,23.893948,38.102374
879,1113,23.79439,38.016833
882,1113,23.807062,38.100913
883,1113,23.858601,38.007454
884,1113,23.837156,38.02959
885,1113,23.794682,38.012538
887,1113,23.833019,38.024795
888,1113,23.839429,38.131205
892,1113,23.838783,38.011531
893,1113,23.849722,38.144213
895,1113,23.847825,38.009891
896,1113,23.841091,38.130912
897,1113,23.803503,38.099707
898,1113,23.928557,38.034915
899,1113,23.840988,38.131095
900,1113,23.82128,38.069094
901,1113,23.977023,37.893596
903,1113,23.769352,38.104568
905,1113,23.841317,38.010864
906,1113,23.884394,38.003386
908,1113,23.79744,38.006336
910,1113,23.907038,37.868747
912,1113,23.840765,38.131388
913,1113,23.833543,38.105418
914,1113,23.85277,38.181865
915,1113,23.97402,38.012348
916,1113,23.905348,37.971737
917,1113,23.893873,38.102187
920,1113,23.839084,38.027446
