863,1118,23.830645,38.118736
865,1118,23.885088,38.003562
866,1118,23.881411,37.990016
867,1118,23.878176,37.990142
870,1118,23.774436,38.001823
870,1118,23.774436,38.001823
872,1118,23.870313,38.005371
874,1118,23.831423,38.040779
876,1118,23.789715,38.091563
879,1118,23.876109,37.995338
882,1118,23.840739,38.131484
883,1118,23.860401,38.019798
884,1118,23.823065,38.032595
885,1118,23.903039,38.002738
887,1118,23.858522,38.00724
888,1118,23.867853,38.215792
892,1118,23.836603,38.012591
893,1118,23.812778,38.104122
895,1118,23.851686,38.009121
896,1118,23.809389,38.050445
897,1118,23.787815,38.087481
898,1118,23.929347,38.035785
899,1118,23.839966,38.046958
900,1118,23.803442,38.041587
901,1118,23.830685,38.023772
903,1118,23.769742,38.101214
905,1118,23.791489,38.002547
906,1118,23.912193,38.001319
908,1118,23.797029,38.006217
910,1118,23.89427,37.907561
912,1118,23.839937,38.131873
913,1118,23.825886,38.107367
914,1118,23.850189,38.147884
915,1118,23.95483,38.006129
916,1118,23.887409,37.985457
917,1118,23.844811,38.141288
920,1118,23.827862,38.031524
