863,1119,23.758476,38.04544
865,1119,23.847008,38.021865
866,1119,23.867914,38.005962
867,1119,23.966406,38.13863
870,1119,23.799687,38.006976
870,1119,23.799687,38.006976
872,1119,23.760203,38.042957
874,1119,23.743475,37.972446
876,1119,23.854286,38.11188
879,1119,23.788721,38.013984
882,1119,23.811331,38.072013
883,1119,23.856842,38.009021
884,1119,23.834338,38.02629
885,1119,23.859017,38.001838
887,1119,23.826039,38.023776
888,1119,23.84091,38.130878
892,1119,23.877806,37.990321
893,1119,23.854994,38.111465
895,1119,23.869859,37.990814
896,1119,23.841041,38.130931
897,1119,23.784765,38.083454
898,1119,23.884571,38.003284
899,1119,23.839836,38.048458
900,1119,23.805666,38.106761
901,1119,23.985674,37.894389
903,1119,23.772903,38.100364
905,1119,23.835596,38.012843
906,1119,23.890182,38.00439
908,1119,23.954059,37.894275
910,1119,23.768345,37.996543
912,1119,23.839388,38.131152
913,1119,23.858746,38.131572
914,1119,23.845129,38.142505
915,1119,23.95064,38.005019
916,1119,23.883579,37.987586
917,1119,23.892593,38.101306
920,1119,23.843084,38.026477
