863,1129,23.767277,38.05894
865,1129,23.847769,38.021915
866,1129,23.823296,38.032569
867,1129,23.880775,38.003287
870,1129,23.799448,38.006976
870,1129,23.799448,38.006976
872,1129,23.763114,38.041915
874,1129,23.734465,37.970283
876,1129,23.795765,38.096793
879,1129,23.786302,38.010173
882,1129,23.818861,38.106932
883,1129,23.870798,37.991809
884,1129,23.845121,38.050551
885,1129,23.858446,38.007129
887,1129,23.820498,38.028594
888,1129,23.860254,38.204883
892,1129,23.880526,37.989193
893,1129,23.840696,38.131137
895,1129,23.903393,37.974777
896,1129,23.838041,38.128539
897,1129,23.759398,38.06536
898,1129,23.884642,38.004226
899,1129,23.839426,38.056221
900,1129,23.846661,38.143454
901,1129,23.85193,38.017615
903,1129,23.768675,38.107737
905,1129,23.881796,37.990508
906,1129,23.858093,38.007656
908,1129,23.794319,38.004646
910,1129,23.885849,37.898822
912,1129,23.849277,38.144065
913,1129,23.782026,38.045944
914,1129,23.845402,38.139583
915,1129,23.911791,38.002132
916,1129,23.877969,37.990451
917,1129,23.814542,38.088519
920,1129,23.905189,37.970756
