863,113,23.817674,38.088168
862,113,23.845467,38.019264
864,113,23.848276,38.009963
865,113,23.880261,37.989044
866,113,23.880774,38.003501
867,113,23.881239,37.989997
869,113,23.816129,38.041751
870,113,23.875674,38.00394
870,113,23.875674,38.00394
872,113,23.749917,38.096111
873,113,23.85701,38.009383
874,113,23.82205,38.013786
875,113,23.852125,38.01723
876,113,23.810068,38.107738
878,113,23.823408,38.113658
879,113,23.898969,37.953189
880,113,23.618116,38.06803
882,113,23.839952,38.132117
883,113,23.86063,38.000663
884,113,23.881531,37.990085
885,113,23.8643,37.999122
887,113,23.881256,37.989948
888,113,23.858741,38.131713
889,113,23.820486,38.090908
891,113,23.88014,37.989085
892,113,23.913383,37.894809
893,113,23.709808,38.011016
894,113,23.85877,38.031108
895,113,23.867617,37.98952
896,113,23.824997,38.066504
897,113,23.776031,38.09146
898,113,23.880608,38.001727
899,113,23.786485,38.084506
900,113,23.859747,38.007308
901,113,23.784278,38.026786
903,113,23.738487,38.102401
904,113,23.767893,38.107864
905,113,23.850701,38.020534
906,113,23.770431,37.990348
908,113,23.880624,37.985484
910,113,23.799858,38.007144
911,113,23.825796,38.108695
912,113,23.861831,38.118327
913,113,23.871719,38.239379
914,113,23.791445,38.092292
915,113,23.81735,38.012778
916,113,23.905589,37.96902
917,113,23.845478,38.139155
918,113,23.770422,38.110107
920,113,23.86825,37.997004
921,113,23.908834,37.869682
