863,1130,23.840574,38.131728
865,1130,23.881678,38.003714
866,1130,23.861223,38.011356
867,1130,23.784033,38.009425
870,1130,23.876121,37.984287
870,1130,23.876121,37.984287
872,1130,23.873182,38.004798
874,1130,23.829483,38.042903
876,1130,23.842417,38.11074
879,1130,23.881184,37.990013
882,1130,23.83927,38.130993
883,1130,23.855751,38.028507
884,1130,23.822773,38.032809
885,1130,23.858436,38.007141
887,1130,23.861212,38.011848
888,1130,23.841148,38.130996
892,1130,23.766605,37.992953
893,1130,23.868304,38.10535
895,1130,23.87026,37.995765
896,1130,23.836232,38.124808
897,1130,23.758827,38.064609
898,1130,23.876539,37.99129
899,1130,23.838096,38.058372
900,1130,23.803423,38.041587
901,1130,23.816325,38.020961
903,1130,23.781074,38.10097
905,1130,23.830895,38.013816
906,1130,23.934515,37.999461
908,1130,23.977042,37.893584
910,1130,23.766614,37.993003
912,1130,23.82481,38.114124
913,1130,23.832044,38.100543
914,1130,23.84542,38.139571
915,1130,23.9104,38.002513
916,1130,23.87442,37.992851
917,1130,23.846451,38.142756
920,1130,23.822522,38.033614
