863,1132,23.758855,38.060111
865,1132,23.880919,38.003376
866,1132,23.860283,38.015986
867,1132,23.881374,37.990177
870,1132,23.803074,38.047088
870,1132,23.803074,38.047088
872,1132,23.873623,38.00468
874,1132,23.733363,37.970763
876,1132,23.800325,38.098575
879,1132,23.909651,37.868713
882,1132,23.813567,38.07851
883,1132,23.846151,37.996623
884,1132,23.831876,38.025859
885,1132,23.860377,38.007263
887,1132,23.881309,37.990127
888,1132,23.845869,38.127837
892,1132,23.834454,38.013122
893,1132,23.872023,38.104148
895,1132,23.899103,37.977829
896,1132,23.830671,38.118751
897,1132,23.758217,38.063797
898,1132,23.831575,38.013698
899,1132,23.835797,38.058723
900,1132,23.788774,38.043597
901,1132,23.8537,38.013686
903,1132,23.768675,38.107768
905,1132,23.733011,37.967124
906,1132,23.860282,38.007236
908,1132,23.982641,37.894206
910,1132,23.766575,37.992912
912,1132,23.823681,38.113642
913,1132,23.840958,38.130862
914,1132,23.84274,38.137622
915,1132,23.90943,38.002544
916,1132,23.86581,37.99845
917,1132,23.812502,38.088519
920,1132,23.905208,37.970768
