863,1133,23.840593,38.131408
865,1133,23.846708,38.021876
866,1133,23.860462,38.019298
867,1133,23.966886,38.144419
870,1133,23.839657,38.046504
870,1133,23.839657,38.046504
872,1133,23.763435,38.041785
874,1133,23.828973,38.043971
876,1133,23.841637,38.110321
879,1133,23.786482,38.009502
882,1133,23.822632,38.110511
883,1133,23.871818,37.994129
884,1133,23.846792,38.052031
885,1133,23.860443,38.012637
887,1133,23.860271,38.012989
888,1133,23.840708,38.131805
892,1133,23.880556,37.989192
893,1133,23.841139,38.130866
895,1133,23.87026,37.995765
896,1133,23.828972,38.117591
897,1133,23.787386,38.084884
898,1133,23.932358,38.037093
899,1133,23.786001,38.084468
900,1133,23.793495,38.094935
901,1133,23.812774,38.020202
903,1133,23.784534,38.102851
905,1133,23.787117,38.001003
906,1133,23.939235,38.001552
908,1133,23.793258,38.003906
910,1133,23.883389,37.894203
912,1133,23.851778,38.141474
913,1133,23.858436,38.130592
914,1133,23.840071,38.132564
915,1133,23.90881,38.002574
916,1133,23.86162,38.000251
917,1133,23.84647,38.142787
920,1133,23.822361,38.033625
