863,1137,23.749956,38.049244
865,1137,23.880708,38.001125
866,1137,23.84557,38.01041
867,1137,23.881433,37.990097
870,1137,23.803104,38.047088
870,1137,23.803104,38.047088
872,1137,23.876663,38.002296
874,1137,23.88067,37.98947
876,1137,23.839597,38.131556
879,1137,23.86532,37.998698
882,1137,23.841095,38.130935
883,1137,23.870179,37.995727
884,1137,23.823202,38.032611
885,1137,23.860243,38.016177
887,1137,23.821087,38.032222
888,1137,23.852714,38.195723
892,1137,23.765945,37.991503
893,1137,23.879534,38.102427
895,1137,23.889813,37.983989
896,1137,23.821771,38.110363
897,1137,23.786086,38.08441
898,1137,23.830745,38.013828
899,1137,23.787601,38.086558
900,1137,23.826259,38.068332
901,1137,24.009434,37.884384
903,1137,23.789073,38.106792
905,1137,23.73344,37.967163
906,1137,23.91463,37.999561
908,1137,23.792378,38.003143
910,1137,23.882997,37.892383
912,1137,23.853018,38.139686
913,1137,23.840938,38.130851
914,1137,23.841011,38.130984
915,1137,23.903818,38.001613
916,1137,23.854109,38.005649
917,1137,23.809063,38.09254
920,1137,23.821972,38.033317
