863,1139,23.749546,38.049682
865,1139,23.846458,38.021877
866,1139,23.860123,38.021739
867,1139,23.880775,38.003528
870,1139,23.799247,38.006839
870,1139,23.799247,38.006839
872,1139,23.875822,37.998725
874,1139,23.824354,38.041671
876,1139,23.835447,38.107421
879,1139,23.785271,38.009571
882,1139,23.835749,38.123801
883,1139,23.847242,38.021373
884,1139,23.829197,38.027492
885,1139,23.861036,38.009994
887,1139,23.860271,38.016189
888,1139,23.840038,38.130855
892,1139,23.832144,38.013614
893,1139,23.841032,38.131018
895,1139,23.837732,38.012057
896,1139,23.812352,38.103244
897,1139,23.785967,38.08443
898,1139,23.886761,38.007006
899,1139,23.788082,38.087149
900,1139,23.830736,38.118735
901,1139,23.807724,38.019122
903,1139,23.789093,38.106811
905,1139,23.829765,38.013873
906,1139,23.881407,37.990146
908,1139,23.821371,38.034297
910,1139,23.881598,37.891173
912,1139,23.848898,38.139636
913,1139,23.776817,38.040923
914,1139,23.84132,38.130763
915,1139,23.902558,38.00114
916,1139,23.852619,38.008319
917,1139,23.809242,38.093688
920,1139,23.822163,38.033107
