863,1140,23.757746,38.067691
865,1140,23.880468,37.997275
866,1140,23.844139,38.010581
867,1140,23.783373,38.009715
870,1140,23.716507,37.956974
870,1140,23.716507,37.956974
872,1140,23.876401,37.999285
874,1140,23.880251,37.989063
876,1140,23.838257,38.128868
879,1140,23.86624,38.00024
882,1140,23.809374,38.06388
883,1140,23.851692,37.999023
884,1140,23.853272,38.053272
885,1140,23.860433,38.018898
887,1140,23.821047,38.032642
888,1140,23.854306,38.190463
892,1140,23.765735,37.991214
893,1140,23.883805,38.101528
895,1140,23.885262,37.986591
896,1140,23.806211,38.100826
897,1140,23.754418,38.056987
898,1140,23.875839,37.993774
899,1140,23.826355,38.065025
900,1140,23.840406,38.13161
901,1140,24.012394,37.882793
903,1140,23.767405,38.106788
905,1140,23.886011,37.986049
906,1140,23.948046,38.004184
908,1140,23.881143,37.989997
910,1140,23.765885,37.991474
912,1140,23.812862,38.103461
913,1140,23.828186,38.098304
914,1140,23.84132,38.130793
915,1140,23.900777,38.00032
916,1140,23.85253,38.008289
917,1140,23.871642,38.104331
920,1140,23.847284,38.021598
