863,1141,23.748716,38.049762
865,1141,23.881229,37.990047
866,1141,23.831927,38.025829
867,1141,23.868168,37.997088
870,1141,23.798967,38.006778
870,1141,23.798967,38.006778
872,1141,23.878931,38.001357
874,1141,23.731004,37.967983
876,1141,23.807954,38.101615
879,1141,23.909681,37.869052
882,1141,23.815757,38.083221
883,1141,23.869428,37.996296
884,1141,23.823301,38.032531
885,1141,23.822181,38.033061
887,1141,23.859211,38.016281
888,1141,23.83713,38.126113
892,1141,23.832636,38.025081
893,1141,23.838436,38.129318
895,1141,23.851875,38.009109
896,1141,23.799822,38.098335
897,1141,23.786137,38.084621
898,1141,23.829895,38.013866
899,1141,23.789531,38.089092
900,1141,23.853687,38.139389
901,1141,23.858021,38.008987
903,1141,23.790052,38.10834
905,1141,23.736141,37.967902
906,1141,23.921051,37.997981
908,1141,23.791937,38.002735
910,1141,23.881218,37.888774
912,1141,23.845817,38.139537
913,1141,23.827947,38.115592
914,1141,23.841441,38.130824
915,1141,23.898847,38.000549
916,1141,23.85253,38.00827
917,1141,23.809883,38.096149
920,1141,23.846944,38.021159
