863,1142,23.764295,38.070349
865,1142,23.881979,37.991756
866,1142,23.859693,38.02341
867,1142,23.973396,38.143798
870,1142,23.881235,37.989974
870,1142,23.881235,37.989974
872,1142,23.880501,38.002295
874,1142,23.821955,38.04042
876,1142,23.832297,38.1053
879,1142,23.785311,38.009571
882,1142,23.841015,38.130916
883,1142,23.85114,38.030101
884,1142,23.828808,38.027762
885,1142,23.861166,38.011455
887,1142,23.822397,38.033634
888,1142,23.840158,38.130824
892,1142,23.831055,38.013842
893,1142,23.841122,38.130938
895,1142,23.866131,37.998126
896,1142,23.794151,38.095523
897,1142,23.753248,38.055328
898,1142,23.932198,38.038413
899,1142,23.825414,38.066413
900,1142,23.848002,38.144935
901,1142,23.805143,38.018581
903,1142,23.790364,38.111949
905,1142,23.786636,38.000694
906,1142,23.861723,38.001674
908,1142,24.002342,37.887858
910,1142,23.765734,37.991263
912,1142,23.807793,38.101482
913,1142,23.840868,38.13085
914,1142,23.84098,38.131496
915,1142,23.898797,38.00056
916,1142,23.907052,37.868656
917,1142,23.86787,38.10551
920,1142,23.848145,38.020752
