863,1149,23.743086,38.049544
865,1149,23.823362,38.032512
866,1149,23.881641,37.990394
867,1149,23.876905,38.003749
870,1149,23.716427,37.957332
870,1149,23.716427,37.957332
872,1149,23.88179,37.990497
874,1149,23.875221,37.992152
876,1149,23.829377,38.117156
879,1149,23.867621,38.003783
882,1149,23.808763,38.060401
883,1149,23.861318,38.000274
884,1149,23.831171,38.026183
885,1149,23.859665,38.023368
887,1149,23.854661,38.019061
888,1149,23.84062,38.131374
892,1149,23.764458,37.989582
893,1149,23.832096,38.119907
895,1149,23.855274,38.007129
896,1149,23.780133,38.077235
897,1149,23.790047,38.089919
898,1149,23.87505,37.996142
899,1149,23.804232,38.099754
900,1149,23.830103,38.204825
901,1149,24.013125,37.879665
903,1149,23.797501,38.121158
905,1149,23.893242,37.981517
906,1149,23.864643,37.998916
908,1149,23.790617,38.002143
910,1149,23.867736,37.8772
912,1149,23.843717,38.138286
913,1149,23.775448,38.039455
915,1149,23.888008,38.001632
916,1149,23.909641,37.869148
917,1149,23.816713,38.103278
920,1149,23.826104,38.057437
