863,115,23.819895,38.108516
862,115,23.848206,38.018901
864,115,23.847996,38.009994
865,115,23.880261,37.989032
866,115,23.828762,38.014083
867,115,23.845104,37.996799
869,115,23.815402,38.041511
870,115,23.871933,38.005092
870,115,23.871933,38.005092
872,115,23.747397,38.09793
873,115,23.859741,38.011493
874,115,23.815019,38.012252
875,115,23.855476,38.010803
876,115,23.813988,38.106169
878,115,23.822458,38.111259
879,115,23.897569,37.949988
880,115,23.616346,38.065799
882,115,23.733187,38.103942
883,115,23.864639,37.998931
884,115,23.881531,37.990073
885,115,23.858301,38.006633
887,115,23.881666,37.93304
888,115,23.741251,38.048747
889,115,23.874245,38.222908
891,115,23.87838,37.990066
892,115,23.925476,37.883728
893,115,23.790588,38.090732
894,115,23.880571,37.996539
895,115,23.869797,37.990569
896,115,23.826486,38.065753
897,115,23.77482,38.092322
898,115,23.880667,38.002159
899,115,23.841003,38.130996
900,115,23.830756,38.118724
901,115,23.776709,38.031417
903,115,23.737639,38.10237
904,115,23.768451,38.108813
905,115,23.857922,38.003127
906,115,23.764761,37.986622
908,115,23.881301,37.989948
910,115,23.797688,38.006523
911,115,23.827855,38.113445
912,115,23.863133,38.118289
913,115,23.84108,38.130935
914,115,23.788293,38.088191
915,115,23.814101,38.011989
916,115,23.906328,37.965549
917,115,23.845509,38.139255
918,115,23.770272,38.110286
920,115,23.87015,37.995963
921,115,23.909346,37.870483
