863,1153,23.788387,38.087821
865,1153,23.881309,37.990058
866,1153,23.881821,37.990493
867,1153,23.875586,38.004081
870,1153,23.880306,37.989025
870,1153,23.880306,37.989025
872,1153,23.881799,37.990508
874,1153,23.725155,37.963282
876,1153,23.829136,38.116218
879,1153,23.86866,38.005645
882,1153,23.808412,38.060252
883,1153,23.857868,38.002574
884,1153,23.858248,38.063884
885,1153,23.820513,38.034442
887,1153,23.824837,38.035556
888,1153,23.855497,38.171862
892,1153,23.763977,37.988982
893,1153,23.798489,38.097869
895,1153,23.855774,38.005568
896,1153,23.786011,38.08456
897,1153,23.793377,38.094299
898,1153,23.891751,38.010391
899,1153,23.841139,38.131034
900,1153,23.815903,38.041526
901,1153,23.857851,38.008487
903,1153,23.80155,38.113864
905,1153,23.827595,38.013942
906,1153,23.955137,38.006355
908,1153,23.788897,38.001594
910,1153,23.861726,37.87371
912,1153,23.839838,38.132068
913,1153,23.857385,38.11946
915,1153,23.88241,38.001311
916,1153,23.909561,37.8693
917,1153,23.822532,38.110401
920,1153,23.825313,38.05479
