863,1154,23.730998,38.075565
865,1154,23.882089,37.990787
866,1154,23.853109,38.009075
867,1154,23.789533,38.014499
870,1154,23.716177,37.957232
870,1154,23.716177,37.957232
872,1154,23.881929,37.990577
874,1154,23.815553,38.042319
876,1154,23.819316,38.108146
879,1154,23.86875,38.005645
882,1154,23.817428,38.088069
883,1154,23.849581,38.025352
884,1154,23.833691,38.025603
885,1154,23.91214,38.001723
887,1154,23.87973,37.989219
888,1154,23.856548,38.167133
892,1154,23.832037,38.014556
893,1154,23.895075,38.091594
895,1154,23.85798,38.002414
896,1154,23.806261,38.045375
897,1154,23.753449,38.048507
898,1154,23.873069,37.995662
899,1154,23.815061,38.103866
900,1154,23.840117,38.130988
901,1154,23.798802,38.017364
903,1154,23.767904,38.108718
905,1154,23.897392,37.978846
906,1154,23.94119,38.002063
908,1154,24.014542,37.880817
910,1154,23.764563,37.989642
912,1154,23.787954,38.087668
913,1154,23.773678,38.037406
915,1154,23.882721,37.998313
916,1154,23.909966,37.870425
917,1154,23.85261,38.113227
920,1154,23.854923,38.006369
