863,1157,23.732709,38.075675
865,1157,23.881738,37.992206
866,1157,23.881821,37.990504
867,1157,23.874957,38.004241
870,1157,23.770179,37.999049
870,1157,23.770179,37.999049
872,1157,23.755177,38.063503
874,1157,23.812843,38.043781
876,1157,23.828535,38.114356
879,1157,23.870459,38.005366
882,1157,23.81918,38.08958
883,1157,23.849791,38.026401
884,1157,23.835261,38.027202
885,1157,23.821153,38.033893
887,1157,23.85563,38.022803
888,1157,23.840217,38.130824
892,1157,23.763727,37.988681
893,1157,23.895093,38.091563
895,1157,23.881461,37.990081
896,1157,23.804173,38.043315
897,1157,23.804096,38.099716
898,1157,23.940118,38.03871
899,1157,23.814642,38.105155
900,1157,23.805473,38.044455
901,1157,23.857632,38.008209
903,1157,23.80698,38.107082
905,1157,23.812068,38.039187
906,1157,23.94157,38.002174
908,1157,23.787885,38.001274
910,1157,23.855047,37.869239
912,1157,23.840859,38.131354
913,1157,23.853167,38.115882
915,1157,23.881933,37.991851
916,1157,23.909222,37.868949
917,1157,23.829253,38.116981
920,1157,23.824593,38.05326
