863,1162,23.795418,38.09619
865,1162,23.880157,37.998202
866,1162,23.842294,38.026061
867,1162,23.793573,38.016478
870,1162,23.769939,37.998778
870,1162,23.769939,37.998778
872,1162,23.763006,38.041686
874,1162,23.720335,37.959552
876,1162,23.825588,38.114204
879,1162,23.819489,38.038978
882,1162,23.823659,38.112201
883,1162,23.858229,38.006633
884,1162,23.857828,38.062885
885,1162,23.860207,38.021106
887,1162,23.825006,38.035705
888,1162,23.846177,38.14308
892,1162,23.851961,37.98141
893,1162,23.795508,38.096645
895,1162,23.857294,38.002696
896,1162,23.840837,38.131313
897,1162,23.757658,38.046226
898,1162,23.942318,38.038963
899,1162,23.839098,38.130565
900,1162,23.778471,38.091113
901,1162,23.857492,38.00766
903,1162,23.818109,38.106891
905,1162,23.81436,38.038436
906,1162,23.950161,38.004856
908,1162,24.013024,37.879676
910,1162,23.763302,37.988342
912,1162,23.780504,38.077624
913,1162,23.772049,38.035415
915,1162,23.882204,37.990772
916,1162,23.909795,37.870273
917,1162,23.843409,38.111117
920,1162,23.859943,38.001128
