863,1167,23.772787,38.073703
865,1167,23.832363,38.025588
866,1167,23.8561,38.003608
867,1167,23.85824,38.006491
870,1167,23.833917,38.042503
870,1167,23.833917,38.042503
872,1167,23.878151,37.990237
874,1167,23.871662,37.994334
876,1167,23.825935,38.109821
879,1167,23.819919,38.040427
882,1167,23.841011,38.130924
883,1167,23.869924,37.996059
884,1167,23.846152,38.025371
885,1167,23.822964,38.032462
887,1167,23.85069,38.026111
888,1167,23.840837,38.131301
892,1167,23.762266,37.987338
893,1167,23.825924,38.104037
895,1167,23.85848,38.007133
896,1167,23.806292,38.045307
897,1167,23.820915,38.109675
898,1167,23.944908,38.038703
899,1167,23.818941,38.083324
900,1167,23.815132,38.040557
901,1167,23.794034,38.020377
903,1167,23.8299,38.118499
905,1167,23.815929,38.037765
906,1167,23.880634,37.989349
908,1167,23.821161,38.034606
910,1167,23.841128,37.858428
912,1167,23.785034,38.083282
913,1167,23.833378,38.092864
915,1167,23.882614,38.002342
916,1167,23.908553,37.869411
917,1167,23.835818,38.107406
920,1167,23.867483,37.997386
