863,1169,23.730169,38.080455
865,1169,23.848978,38.02196
866,1169,23.844404,38.028972
867,1169,23.866876,38.006091
870,1169,23.798199,38.006557
870,1169,23.798199,38.006557
872,1169,23.873461,37.993938
874,1169,23.871391,37.994465
876,1169,23.825914,38.107516
879,1169,23.909962,37.868682
882,1169,23.82401,38.096618
883,1169,23.838902,38.028972
884,1169,23.857557,38.062384
885,1169,23.850676,38.026172
887,1169,23.850681,38.026122
888,1169,23.844467,38.138297
892,1169,23.851591,37.982711
893,1169,23.894976,38.091457
895,1169,23.820822,38.013648
896,1169,23.840938,38.130973
897,1169,23.823855,38.114047
898,1169,23.868308,37.997016
899,1169,23.82772,38.116199
900,1169,23.845926,38.139507
901,1169,23.793392,38.021209
903,1169,23.83086,38.11864
905,1169,23.905632,37.968807
906,1169,23.881315,37.990088
908,1169,23.785955,38.000232
910,1169,23.837007,37.857657
912,1169,23.785974,38.084483
913,1169,23.855655,38.111182
915,1169,23.884594,38.002872
916,1169,23.908204,37.869358
917,1169,23.832287,38.105106
920,1169,23.821953,38.03318
