863,117,23.845464,38.139263
862,117,23.851785,38.017619
864,117,23.847685,38.010024
865,117,23.874559,37.995597
866,117,23.827532,38.014094
867,117,23.864891,37.986118
869,117,23.815231,38.04143
870,117,23.867214,38.005961
870,117,23.867214,38.005961
872,117,23.744516,38.100032
873,117,23.86024,38.01554
874,117,23.80719,38.009883
875,117,23.857376,38.008121
876,117,23.820318,38.109099
878,117,23.820029,38.108866
879,117,23.895519,37.945888
880,117,23.840656,38.13166
882,117,23.840822,38.133838
883,117,23.869614,37.95201
884,117,23.881851,37.990402
885,117,23.86072,38.000651
887,117,23.859693,38.023399
888,117,23.734082,38.039939
889,117,23.821144,38.068214
891,117,23.875169,37.992217
892,117,23.884744,37.954753
893,117,23.711762,38.010245
894,117,23.83057,38.013916
895,117,23.872427,37.989688
896,117,23.827476,38.064285
897,117,23.773941,38.092712
898,117,23.880697,38.002208
899,117,23.840914,38.131225
900,117,23.836136,38.060749
901,117,23.785898,38.025817
903,117,23.736899,38.102321
904,117,23.76856,38.108764
905,117,23.844553,38.028922
906,117,23.762871,37.985911
908,117,23.813841,38.016395
910,117,23.797188,38.006351
911,117,23.829355,38.116622
912,117,23.863231,38.118171
913,117,23.825573,38.101241
914,117,23.784852,38.083712
915,117,23.812081,38.011551
916,117,23.906587,37.964229
917,117,23.840906,38.131243
918,117,23.767992,38.108264
920,117,23.857656,38.008262
921,117,23.907187,37.870361
