863,1170,23.779937,38.077384
865,1170,23.832863,38.024837
866,1170,23.858271,38.002269
867,1170,23.795654,38.017871
870,1170,23.889626,37.984104
870,1170,23.889626,37.984104
872,1170,23.872061,37.995406
874,1170,23.717523,37.957645
876,1170,23.830788,38.118713
879,1170,23.82209,38.040538
882,1170,23.81089,38.102652
883,1170,23.871333,37.995658
884,1170,23.848431,38.025069
885,1170,23.823315,38.032562
887,1170,23.869991,37.990771
888,1170,23.841048,38.131008
892,1170,23.762007,37.987148
893,1170,23.825715,38.101829
895,1170,23.863476,37.999385
896,1170,23.808822,38.049995
897,1170,23.761098,38.042285
898,1170,23.837371,38.012069
899,1170,23.818731,38.086192
900,1170,23.84955,38.142733
901,1170,23.856823,38.002975
903,1170,23.768545,38.108798
905,1170,23.749571,37.974998
906,1170,23.96931,38.010375
908,1170,24.012664,37.879657
910,1170,23.761541,37.987483
912,1170,23.786055,38.084373
913,1170,23.77183,38.035175
915,1170,23.884425,38.003391
916,1170,23.907383,37.869087
917,1170,23.840943,38.131091
920,1170,23.870184,37.995948
