863,1171,23.815088,38.103869
865,1171,23.883247,38.00236
866,1171,23.850435,38.026172
867,1171,23.858249,38.006503
870,1171,23.876852,37.984008
870,1171,23.876852,37.984008
872,1171,23.86811,37.997127
874,1171,23.806624,38.045581
876,1171,23.826126,38.110961
879,1171,23.874319,38.004508
882,1171,23.824671,38.09864
883,1171,23.858377,38.007083
884,1171,23.822355,38.03321
885,1171,23.859679,38.023399
887,1171,23.825296,38.035957
888,1171,23.841707,38.135947
892,1171,23.85123,37.983981
893,1171,23.790636,38.091205
895,1171,23.85778,38.007682
896,1171,23.841078,38.130862
897,1171,23.827814,38.116317
898,1171,23.825984,38.013873
899,1171,23.83198,38.119773
900,1171,23.807203,38.045936
901,1171,23.791113,38.022979
903,1171,23.832831,38.120681
905,1171,23.776366,37.993644
906,1171,23.881355,37.990088
908,1171,23.821161,38.034618
910,1171,23.832798,37.856197
912,1171,23.786474,38.084545
913,1171,23.833908,38.092295
915,1171,23.884464,38.003402
916,1171,23.907383,37.869087
917,1171,23.829318,38.102794
920,1171,23.833262,38.051108
