863,1172,23.73024,38.083155
865,1172,23.850067,38.021762
866,1172,23.843205,38.02719
867,1172,23.997417,38.149562
870,1172,23.832037,38.041141
870,1172,23.832037,38.041141
872,1172,23.864371,37.999118
874,1172,23.870262,37.995795
876,1172,23.887497,38.099204
879,1172,23.909561,37.868812
882,1172,23.804519,38.100131
883,1172,23.83747,38.029613
884,1172,23.84844,38.025069
885,1172,23.850445,38.026252
887,1172,23.871071,37.991862
888,1172,23.839857,38.131987
892,1172,23.833138,38.014338
893,1172,23.825474,38.09999
895,1172,23.824673,38.031257
896,1172,23.810552,38.052604
897,1172,23.761279,38.042224
898,1172,23.945577,38.035434
899,1172,23.830401,38.118789
900,1172,23.796016,38.10641
901,1172,23.856823,38.002956
903,1172,23.835991,38.124172
905,1172,23.81608,38.037673
906,1172,23.97397,38.012225
908,1172,23.876085,37.99562
910,1172,23.761522,37.987495
912,1172,23.786734,38.084605
913,1172,23.840986,38.130934
915,1172,23.884544,38.003482
916,1172,23.907213,37.868926
917,1172,23.840992,38.130912
920,1172,23.821944,38.03318
