863,1173,23.784788,38.083095
865,1173,23.833582,38.025405
866,1173,23.862221,37.999908
867,1173,23.865246,38.006351
870,1173,23.768479,37.996238
870,1173,23.768479,37.996238
872,1173,23.86034,38.000949
874,1173,23.717094,37.957344
876,1173,23.826025,38.104786
879,1173,23.8229,38.040957
882,1173,23.82551,38.099708
883,1173,23.874084,37.992869
884,1173,23.822176,38.033358
885,1173,23.823176,38.03271
887,1173,23.85041,38.026214
888,1173,23.840646,38.131488
892,1173,23.761696,37.987277
893,1173,23.788166,38.087966
895,1173,23.817781,38.012889
896,1173,23.810893,38.053275
897,1173,23.830864,38.118815
898,1173,23.897121,38.011718
899,1173,23.817081,38.086802
900,1173,23.787585,38.046618
901,1173,23.789852,38.023731
903,1173,23.837951,38.128261
905,1173,23.825492,38.0139
906,1173,23.97612,38.013866
908,1173,23.785237,37.999812
910,1173,23.830627,37.853416
912,1173,23.787255,38.084956
913,1173,23.860056,38.108951
915,1173,23.887073,38.003883
916,1173,23.906923,37.868545
917,1173,23.826107,38.100173
920,1173,23.872833,37.994659
