863,1174,23.815038,38.104278
865,1174,23.883957,38.002059
866,1174,23.853984,38.025024
867,1174,23.858339,38.006782
870,1174,23.79814,38.006557
870,1174,23.79814,38.006557
872,1174,23.85792,38.00307
874,1174,23.804653,38.043773
876,1174,23.831448,38.119261
879,1174,23.875239,38.00505
882,1174,23.798179,38.097682
883,1174,23.858377,38.007102
884,1174,23.857576,38.062465
885,1174,23.859169,38.024021
887,1174,23.826156,38.036658
888,1174,23.841026,38.130927
892,1174,23.823075,38.03255
893,1174,23.845959,38.142738
895,1174,23.881441,37.990131
896,1174,23.810941,38.053313
897,1174,23.761337,38.042186
898,1174,23.864938,37.998824
899,1174,23.83017,38.118465
900,1174,23.789866,38.090175
901,1174,23.789852,38.023742
903,1174,23.83978,38.131869
905,1174,23.906252,37.966007
906,1174,23.976321,38.014167
908,1174,23.881303,37.990066
910,1174,23.761383,37.987475
912,1174,23.840686,38.131385
913,1174,23.772259,38.034053
915,1174,23.891453,38.004523
916,1174,23.906892,37.868583
917,1174,23.840961,38.130881
920,1174,23.834282,38.051109
