863,1176,23.814821,38.044699
865,1176,23.834473,38.026485
866,1176,23.86623,37.998126
867,1176,23.862095,38.00706
870,1176,23.877493,37.984599
870,1176,23.877493,37.984599
872,1176,23.858488,38.007262
874,1176,23.870263,37.995814
876,1176,23.884067,38.101443
879,1176,23.822931,38.040977
882,1176,23.793391,38.094702
883,1176,23.874665,37.992469
884,1176,23.857576,38.062465
885,1176,23.856128,38.024661
887,1176,23.872132,37.993853
888,1176,23.841026,38.130878
892,1176,23.833288,38.01424
893,1176,23.784416,38.083046
895,1176,23.855261,38.008514
896,1176,23.786721,38.084708
897,1176,23.835583,38.123554
898,1176,23.825105,38.013855
899,1176,23.817001,38.087352
900,1176,23.778702,38.091193
901,1176,24.012295,37.879588
903,1176,23.768484,38.107077
905,1176,23.776195,37.993526
906,1176,23.976292,38.014179
908,1176,23.784857,37.999541
910,1176,23.828537,37.848937
912,1176,23.841026,38.130885
913,1176,23.841066,38.130924
915,1176,23.899973,38.003063
916,1176,23.909706,37.870025
917,1176,23.84097,38.130862
920,1176,23.876204,37.991409
