863,1177,23.789278,38.088905
865,1177,23.883966,38.002078
866,1177,23.857845,38.024192
867,1177,23.795845,38.01786
870,1177,23.831726,38.04092
870,1177,23.831726,38.04092
872,1177,23.858479,38.007281
874,1177,23.717075,37.957344
876,1177,23.825664,38.101996
879,1177,23.876269,38.005629
882,1177,23.830381,38.104987
883,1177,23.857638,38.007724
884,1177,23.84872,38.02412
885,1177,23.851104,38.027023
887,1177,23.826277,38.036758
888,1177,23.840861,38.131023
892,1177,23.761656,37.987277
893,1177,23.845199,38.139987
895,1177,23.813961,38.011909
896,1177,23.811952,38.055751
897,1177,23.837993,38.128353
898,1177,23.947927,38.032134
899,1177,23.82822,38.116375
900,1177,23.827063,38.206115
901,1177,23.858663,38.001995
903,1177,23.840791,38.13145
905,1177,23.81766,38.036692
906,1177,23.835413,38.050235
908,1177,23.881303,37.990066
910,1177,23.825767,37.847266
912,1177,23.841156,38.130885
913,1177,23.863867,38.106841
915,1177,23.904922,38.002594
916,1177,23.909697,37.869933
917,1177,23.824718,38.098624
920,1177,23.836202,38.05117
