863,118,23.818514,38.087207
862,118,23.853025,38.01519
864,118,23.855205,38.021064
865,118,23.873128,37.995697
866,118,23.849307,38.024924
867,118,23.879576,37.989246
869,118,23.876354,38.116905
870,118,23.862914,38.006794
870,118,23.862914,38.006794
872,118,23.831195,38.140788
873,118,23.860361,38.018168
874,118,23.80348,38.008243
875,118,23.858776,38.00756
876,118,23.823429,38.113048
878,118,23.817219,38.106239
879,118,23.973888,38.092441
880,118,23.839706,38.131809
882,118,23.800188,38.09843
883,118,23.866428,37.998
884,118,23.880501,37.989116
885,118,23.901944,38.013168
887,118,23.884716,37.930122
888,118,23.73163,38.035098
889,118,23.875575,38.223765
891,118,23.833367,38.013332
892,118,23.908952,37.897628
893,118,23.710258,38.010826
894,118,23.856511,38.03186
895,118,23.863636,37.975864
896,118,23.895046,38.091342
897,118,23.756906,38.061362
898,118,23.879095,37.989513
899,118,23.840633,38.131713
900,118,23.827776,38.116145
901,118,23.776838,38.031337
903,118,23.768589,38.108622
904,118,23.768541,38.108825
905,118,23.85802,38.005336
906,118,23.76053,37.985122
908,118,23.882814,37.986735
910,118,23.882559,37.932395
911,118,23.829615,38.117233
912,118,23.752348,38.053981
913,118,23.8783,38.23986
914,118,23.775641,38.091762
915,118,23.811981,38.012118
916,118,23.898237,37.90142
917,118,23.844959,38.140106
918,118,23.768032,38.107704
920,118,23.858125,38.009502
921,118,23.841116,38.014003
