863,1180,23.815022,38.044349
865,1180,23.854198,38.021224
866,1180,23.859135,38.024021
867,1180,23.860735,38.007781
870,1180,23.877953,37.985389
870,1180,23.877953,37.985389
872,1180,23.860439,38.007301
874,1180,23.716866,37.957203
876,1180,23.878937,38.102363
879,1180,23.907261,37.868709
882,1180,23.79022,38.09191
883,1180,23.856068,38.008354
884,1180,23.821146,38.034126
885,1180,23.852234,38.028663
887,1180,23.826657,38.037128
888,1180,23.84095,38.13079
892,1180,23.822553,38.033202
893,1180,23.84544,38.139606
895,1180,23.851931,38.009224
896,1180,23.809192,38.062392
897,1180,23.762136,38.042087
898,1180,23.837813,38.01184
899,1180,23.82549,38.114043
900,1180,23.823696,38.112674
901,1180,23.862873,37.999614
903,1180,23.766305,38.107829
905,1180,23.7523,37.975589
906,1180,23.839302,38.051117
908,1180,23.821272,38.034557
910,1180,23.818958,37.843429
912,1180,23.84114,38.130916
913,1180,23.868207,38.10538
915,1180,23.917522,37.998813
916,1180,23.909756,37.869892
917,1180,23.819746,38.100566
920,1180,23.880213,37.988979
