863,1181,23.791699,38.092086
865,1181,23.836412,38.028572
866,1181,23.837006,38.029368
867,1181,23.796215,38.017638
870,1181,23.805805,38.045039
870,1181,23.805805,38.045039
872,1181,23.86069,38.008101
874,1181,23.800983,38.038944
876,1181,23.894047,38.102455
879,1181,23.823052,38.041057
882,1181,23.82645,38.108268
883,1181,23.836161,38.028182
884,1181,23.857657,38.062613
885,1181,23.822536,38.033217
887,1181,23.844361,38.028975
888,1181,23.841197,38.130889
892,1181,23.85578,37.98431
893,1181,23.821274,38.091548
895,1181,23.81282,38.011608
896,1181,23.809912,38.066211
897,1181,23.840963,38.131206
898,1181,23.824406,38.013816
899,1181,23.83776,38.127891
900,1181,23.815102,38.040488
901,1181,23.784243,38.027175
903,1181,23.840902,38.131339
905,1181,23.776726,37.991935
906,1181,23.839592,38.049598
908,1181,23.881204,37.990028
910,1181,23.818289,37.842959
912,1181,23.841125,38.130977
913,1181,23.776588,38.031482
915,1181,23.922543,37.997703
916,1181,23.85269,38.007949
917,1181,23.840842,38.130771
920,1181,23.881239,37.989978
