863,1182,23.819499,38.108291
865,1182,23.855559,38.021064
866,1182,23.872091,37.995315
867,1182,23.858408,38.006922
870,1182,23.831406,38.040698
870,1182,23.831406,38.040698
872,1182,23.861068,38.010204
874,1182,23.867472,37.997474
876,1182,23.825393,38.100677
879,1182,23.877219,38.006431
882,1182,23.78758,38.091503
883,1182,23.881185,37.98991
884,1182,23.846901,38.021198
885,1182,23.850758,38.026134
887,1182,23.869411,37.996276
888,1182,23.841139,38.130878
892,1182,23.822584,38.033164
893,1182,23.774066,38.074485
895,1182,23.881771,37.990581
896,1182,23.810671,38.067302
897,1182,23.762966,38.041877
898,1182,23.949797,38.028583
899,1182,23.817951,38.088653
900,1182,23.840376,38.130859
901,1182,24.012205,37.879619
903,1182,23.766036,38.106971
905,1182,23.819259,38.035342
906,1182,23.839752,38.047748
908,1182,23.875965,37.99987
910,1182,23.815809,37.841361
912,1182,23.841125,38.130965
913,1182,23.834888,38.093085
915,1182,23.927892,37.997832
916,1182,23.909675,37.869873
917,1182,23.817705,38.101287
920,1182,23.905307,37.970698
