863,1183,23.731381,38.088298
865,1183,23.838531,38.027652
866,1183,23.859495,38.02388
867,1183,24.007776,38.142821
870,1183,23.767809,37.995067
870,1183,23.767809,37.995067
872,1183,23.861198,38.011474
874,1183,23.716415,37.956821
876,1183,23.836607,38.125503
879,1183,23.906861,37.868591
882,1183,23.825929,38.109889
883,1183,23.857078,38.009513
884,1183,23.821205,38.034126
885,1183,23.854673,38.029994
887,1183,23.827097,38.037517
888,1183,23.840919,38.130859
892,1183,23.85639,37.982379
893,1183,23.84469,38.138274
895,1183,23.873686,37.993289
896,1183,23.81108,38.068473
897,1183,23.840963,38.131194
898,1183,23.901762,38.012439
899,1183,23.823791,38.113422
900,1183,23.844616,38.140498
901,1183,23.867243,37.997523
903,1183,23.840973,38.131278
905,1183,23.823543,38.013808
906,1183,23.839452,38.047099
908,1183,23.784216,37.999042
910,1183,23.813229,37.839831
912,1183,23.841141,38.131015
913,1183,23.873257,38.103728
915,1183,23.933104,37.998981
916,1183,23.908685,37.869533
917,1183,23.8409,38.130782
920,1183,23.836782,38.051261
