863,1187,23.733181,38.08929
865,1187,23.884666,38.002788
866,1187,23.834526,38.026328
867,1187,24.010915,38.140762
870,1187,23.831294,38.040618
870,1187,23.831294,38.040618
872,1187,23.859117,38.013663
874,1187,23.797094,38.035651
876,1187,23.825073,38.099505
879,1187,23.828052,38.043555
882,1187,23.840856,38.131347
883,1187,23.834141,38.026103
884,1187,23.85309,38.015086
885,1187,23.855691,38.031207
887,1187,23.842599,38.027385
888,1187,23.841017,38.130927
892,1187,23.8624,37.98378
893,1187,23.84134,38.134933
895,1187,23.845611,38.010272
896,1187,23.811161,38.071106
897,1187,23.841062,38.131034
898,1187,23.951367,38.025722
899,1187,23.840811,38.1314
900,1187,23.787874,38.046588
901,1187,23.779051,38.030097
903,1187,23.765534,38.107963
905,1187,23.820239,38.033981
906,1187,23.841402,38.045249
908,1187,23.821611,38.034397
910,1187,23.822834,38.032974
912,1187,23.83976,38.131804
913,1187,23.778378,38.030394
915,1187,23.952793,38.005462
916,1187,23.906996,37.86882
917,1187,23.816057,38.102329
920,1187,23.905327,37.970508
