863,119,23.823993,38.111804
862,119,23.855224,38.010978
864,119,23.847034,38.010123
865,119,23.869598,37.996215
866,119,23.825743,38.013965
867,119,23.847235,37.996799
869,119,23.874365,38.116985
870,119,23.860716,38.007243
870,119,23.860716,38.007243
872,119,23.741987,38.101852
873,119,23.86038,38.019828
874,119,23.79876,38.006854
875,119,23.862076,38.007018
876,119,23.82663,38.115169
878,119,23.814499,38.105518
879,119,23.893388,37.941417
880,119,23.838526,38.129447
882,119,23.733147,38.103953
883,119,23.881311,37.990115
884,119,23.879952,37.989215
885,119,23.858311,38.006633
887,119,23.859663,38.02365
888,119,23.72866,38.030738
889,119,23.819256,38.089667
891,119,23.872959,37.994586
892,119,23.931149,37.860808
893,119,23.733927,38.038352
894,119,23.858614,38.00204
895,119,23.873997,37.991447
896,119,23.830806,38.063113
897,119,23.771341,38.092422
898,119,23.880766,37.989383
899,119,23.839634,38.131652
900,119,23.869196,38.005588
901,119,23.830971,38.02373
903,119,23.736658,38.102962
904,119,23.768078,38.108871
905,119,23.848,38.020751
906,119,23.760001,37.985054
908,119,23.81361,38.016475
910,119,23.796957,38.006259
911,119,23.832994,38.120673
912,119,23.864312,38.118171
913,119,23.825453,38.10007
914,119,23.781723,38.079872
915,119,23.81076,38.013148
916,119,23.903649,37.963558
917,119,23.776474,38.075565
918,119,23.768812,38.107642
920,119,23.874818,37.992351
921,119,23.840346,38.014243
