863,1192,23.81726,38.047442
865,1192,23.845093,38.025539
866,1192,23.860266,38.014709
867,1192,23.797676,38.01717
870,1192,23.76717,37.993766
870,1192,23.76717,37.993766
872,1192,23.860407,38.019793
874,1192,23.794933,38.033355
876,1192,23.839768,38.131903
879,1192,23.87739,38.007613
882,1192,23.82905,38.115958
883,1192,23.850548,38.020645
884,1192,23.854808,38.007556
885,1192,23.843935,38.028376
887,1192,23.827596,38.037852
888,1192,23.840899,38.131248
892,1192,23.86977,37.990581
893,1192,23.817963,38.088722
895,1192,23.881185,37.989951
896,1192,23.812461,38.073646
897,1192,23.840002,38.131926
898,1192,23.950206,38.02164
899,1192,23.841098,38.130889
900,1192,23.834738,38.06113
901,1192,23.876632,37.991134
903,1192,23.766474,38.107932
905,1192,23.82118,38.033401
906,1192,23.851121,38.03889
908,1192,23.875725,38.003028
910,1192,23.804709,37.834533
912,1192,23.840895,38.131354
913,1192,23.840998,38.130958
915,1192,23.974913,38.012912
916,1192,23.907397,37.869033
917,1192,23.812307,38.103282
920,1192,23.904867,37.969947
