863,1193,23.807438,38.101016
865,1193,23.887917,38.004108
866,1193,23.832176,38.025207
867,1193,23.858538,38.007335
870,1193,23.797499,38.006446
870,1193,23.797499,38.006446
872,1193,23.860166,38.021472
874,1193,23.85838,37.999744
876,1193,23.835148,38.122794
879,1193,23.830061,38.040386
882,1193,23.840527,38.131847
883,1193,23.848488,38.020614
884,1193,23.808072,38.060347
885,1193,23.856171,38.03184
887,1193,23.830894,38.026313
888,1193,23.840899,38.131248
892,1193,23.872731,37.989921
893,1193,23.840841,38.131229
895,1193,23.839953,38.011035
896,1193,23.812432,38.074076
897,1193,23.839503,38.131518
898,1193,23.901923,38.01517
899,1193,23.814631,38.104037
900,1193,23.814972,38.040599
901,1193,23.779231,38.029907
903,1193,23.767904,38.108093
905,1193,23.822994,38.013767
906,1193,23.854973,38.035209
908,1193,23.780376,37.996238
910,1193,23.804018,37.834102
912,1193,23.83524,38.123042
913,1193,23.887197,38.097789
915,1193,23.977632,38.015644
916,1193,23.907396,37.869224
917,1193,23.806967,38.101104
920,1193,23.837862,38.051471
