863,1195,23.737581,38.089698
865,1195,23.848633,38.02502
866,1195,23.859245,38.014499
867,1195,23.860275,38.012943
870,1195,23.882454,37.985733
870,1195,23.882454,37.985733
872,1195,23.859597,38.023944
874,1195,23.793323,38.031524
876,1195,23.823723,38.095706
879,1195,23.831871,38.041114
882,1195,23.82929,38.11695
883,1195,23.834011,38.025985
884,1195,23.808123,38.060337
885,1195,23.856731,38.03263
887,1195,23.857951,38.002479
888,1195,23.881195,37.989948
892,1195,23.87461,37.99219
893,1195,23.840711,38.131572
895,1195,23.881346,37.989963
896,1195,23.812992,38.077746
897,1195,23.835864,38.124099
898,1195,23.838723,38.011397
899,1195,23.82044,38.090835
900,1195,23.840376,38.130847
901,1195,23.77979,38.029395
903,1195,23.768505,38.108794
905,1195,23.755609,37.97858
906,1195,23.856713,38.033969
908,1195,23.777527,37.994449
910,1195,23.803239,37.833602
912,1195,23.8284,38.116203
913,1195,23.840958,38.131026
915,1195,23.982144,38.021152
916,1195,23.906937,37.868762
917,1195,23.795447,38.096435
920,1195,23.881351,37.990058
