863,1196,23.815331,38.049663
865,1196,23.892307,38.004458
866,1196,23.830446,38.026119
867,1196,23.798306,38.017158
870,1196,23.76685,37.993174
870,1196,23.76685,37.993174
872,1196,23.858137,38.024154
874,1196,23.85776,37.998233
876,1196,23.840739,38.131415
879,1196,23.833132,38.041973
882,1196,23.839586,38.131675
883,1196,23.847078,38.021255
884,1196,23.855989,38.005324
885,1196,23.841314,38.027976
887,1196,23.827655,38.037871
888,1196,23.840768,38.131427
892,1196,23.876211,37.991389
893,1196,23.817282,38.087852
895,1196,23.838072,38.011886
896,1196,23.814003,38.079277
897,1196,23.832543,38.120467
898,1196,23.822315,38.013724
899,1196,23.841068,38.130927
900,1196,23.846006,38.142719
901,1196,23.881342,37.990042
903,1196,23.768227,38.108691
905,1196,23.778675,37.988838
906,1196,23.881185,37.990016
908,1196,23.821589,38.034305
910,1196,23.80178,37.833613
912,1196,23.82614,38.113944
913,1196,23.885646,38.096629
915,1196,23.980644,38.02259
916,1196,23.906887,37.868762
917,1196,23.791826,38.092616
920,1196,23.877598,37.990585
