863,1201,23.814768,38.104796
865,1201,23.847002,38.021231
866,1201,23.857657,38.01369
867,1201,23.860046,38.007262
870,1201,23.831135,38.040508
870,1201,23.831135,38.040508
872,1201,23.850376,38.026225
874,1201,23.715855,37.957023
876,1201,23.839088,38.130523
879,1201,23.842232,38.03604
882,1201,23.836432,38.125011
883,1201,23.833841,38.025733
884,1201,23.864261,37.999164
885,1201,23.851642,38.038402
887,1201,23.837429,38.029593
888,1201,23.84005,38.126578
892,1201,23.761566,37.987506
893,1201,23.84102,38.13108
895,1201,23.835943,38.012779
896,1201,23.841177,38.130992
897,1201,23.823693,38.112579
898,1201,23.822276,38.013724
899,1201,23.794729,38.095947
900,1201,23.782736,38.080935
901,1201,23.881342,37.990013
903,1201,23.768978,38.106975
905,1201,23.780334,37.986968
906,1201,23.859183,38.028949
908,1201,23.875715,38.005259
910,1201,23.79693,37.834414
912,1201,23.840174,38.130836
913,1201,23.884645,38.095107
915,1201,23.843883,38.022696
916,1201,23.909053,37.868968
917,1201,23.772846,38.073997
920,1201,23.904337,37.969348
