863,1206,23.837198,38.126773
865,1206,23.866678,38.016269
866,1206,23.826178,38.029986
867,1206,24.015136,38.141002
870,1206,23.806526,38.045455
870,1206,23.806526,38.045455
872,1206,23.838146,38.029323
874,1206,23.831476,38.026042
876,1206,23.853285,38.112731
879,1206,23.853223,38.030605
882,1206,23.832207,38.120085
883,1206,23.854551,38.028979
884,1206,23.823333,38.032569
885,1206,23.835596,38.027526
887,1206,23.836698,38.028972
888,1206,23.881195,37.989787
892,1206,23.881914,37.990558
893,1206,23.840641,38.131576
895,1206,23.793951,38.004264
896,1206,23.816784,38.0871
897,1206,23.79935,38.098178
898,1206,23.820625,38.013656
899,1206,23.82564,38.101642
900,1206,23.815897,38.104755
901,1206,23.852295,37.979896
903,1206,23.769287,38.106113
905,1206,23.782255,37.984588
906,1206,23.860262,38.019847
908,1206,23.768066,37.988635
910,1206,23.822513,38.033225
912,1206,23.816169,38.102721
913,1206,23.795189,38.018401
915,1206,23.848373,38.022166
916,1206,23.909474,37.869251
917,1206,23.840891,38.130813
920,1206,23.839651,38.048381
