863,1209,23.821788,38.110515
865,1209,23.868137,38.01805
866,1209,23.858427,38.012
867,1209,23.805435,38.01847
870,1209,23.79598,38.005855
870,1209,23.79598,38.005855
872,1209,23.832777,38.032463
874,1209,23.832117,38.025703
876,1209,23.850624,38.114402
879,1209,23.857044,38.028151
882,1209,23.840302,38.131961
883,1209,23.833011,38.024802
884,1209,23.880644,37.989425
885,1209,23.840151,38.046214
887,1209,23.835228,38.027152
888,1209,23.881195,37.989806
892,1209,23.881343,37.990097
893,1209,23.840641,38.131587
895,1209,23.834472,38.013103
896,1209,23.840418,38.131843
897,1209,23.791432,38.092166
898,1209,23.858537,38.007228
899,1209,23.78489,38.090827
900,1209,23.84921,38.141574
901,1209,23.851624,37.982436
903,1209,23.841003,38.131007
905,1209,23.885913,37.955455
906,1209,23.857401,38.010535
908,1209,24.012585,37.879645
910,1209,23.786112,37.83372
912,1209,23.839103,38.130519
913,1209,23.793949,38.016731
915,1209,23.850544,38.021858
916,1209,23.906867,37.868613
917,1209,23.753536,38.060549
920,1209,23.905557,37.968707
