863,121,23.841041,38.130919
862,121,23.855064,38.008517
864,121,23.846794,38.010154
865,121,23.866829,37.997794
866,121,23.849848,38.025775
867,121,23.866251,37.988437
869,121,23.872295,38.117957
870,121,23.854935,38.008594
870,121,23.854935,38.008594
872,121,23.841047,38.131099
873,121,23.860349,38.020038
874,121,23.792169,38.003154
875,121,23.869215,38.005596
876,121,23.831539,38.119441
878,121,23.811758,38.103076
879,121,23.891878,37.938155
880,121,23.837026,38.126227
882,121,23.842253,38.136718
883,121,23.870659,37.995849
884,121,23.87511,37.992335
885,121,23.85797,38.002601
887,121,23.859524,38.023929
888,121,23.724519,38.021068
889,121,23.875234,38.224468
891,121,23.86986,37.996146
892,121,23.924173,37.886241
893,121,23.712021,38.010116
894,121,23.824575,38.013911
895,121,23.875236,37.992015
896,121,23.832466,38.062282
897,121,23.767612,38.09206
898,121,23.881386,37.990013
899,121,23.836734,38.125529
900,121,23.824625,38.113925
901,121,23.776928,38.031288
903,121,23.735989,38.103572
904,121,23.767708,38.108039
905,121,23.85856,38.007155
906,121,23.75404,37.980052
908,121,23.81344,38.016513
910,121,23.795776,38.00579
911,121,23.838884,38.130095
912,121,23.751247,38.052371
913,121,23.825262,38.099731
914,121,23.779413,38.07767
915,121,23.807359,38.0154
916,121,23.899988,37.963077
917,121,23.84474,38.141086
918,121,23.768802,38.1071
920,121,23.857933,38.012011
921,121,23.840176,38.014884
