863,1211,23.745169,38.086268
865,1211,23.913517,37.999908
866,1211,23.857397,38.01052
867,1211,24.014637,38.141311
870,1211,23.880554,37.989162
870,1211,23.880554,37.989162
872,1211,23.829136,38.035163
874,1211,23.790806,38.030856
876,1211,23.84092,38.131125
879,1211,23.881363,37.990073
882,1211,23.768132,38.092662
883,1211,23.859522,38.024657
884,1211,23.881004,37.989783
885,1211,23.83947,38.046965
887,1211,23.828165,38.038241
888,1211,23.840859,38.130816
892,1211,23.881033,37.989688
893,1211,23.841111,38.130962
895,1211,23.833992,38.013194
896,1211,23.840288,38.132834
897,1211,23.78623,38.08546
898,1211,23.958817,38.008162
899,1211,23.780709,38.091678
900,1211,23.840221,38.131179
901,1211,23.851223,37.983814
903,1211,23.841083,38.13095
905,1211,23.781256,37.983046
906,1211,23.857851,38.008468
908,1211,23.767027,37.987883
910,1211,23.782951,37.83586
912,1211,23.837895,38.12802
913,1211,23.790379,38.015224
915,1211,23.980613,38.02257
916,1211,23.909863,37.868888
917,1211,23.763567,38.059699
920,1211,23.827604,38.028529
