863,1213,23.824409,38.114085
865,1213,23.854391,38.012203
866,1213,23.857668,38.009219
867,1213,23.857906,38.01448
870,1213,23.900904,37.962978
870,1213,23.900904,37.962978
872,1213,23.827215,38.036601
874,1213,23.852701,37.999209
876,1213,23.821724,38.092258
879,1213,23.859434,38.024352
882,1213,23.840822,38.132072
883,1213,23.844177,38.028987
884,1213,23.881303,37.990115
885,1213,23.839769,38.048805
887,1213,23.85841,38.006862
888,1213,23.857211,38.128455
892,1213,23.880123,37.989047
893,1213,23.840141,38.131827
895,1213,23.832262,38.013534
896,1213,23.819023,38.089359
897,1213,23.77998,38.078147
898,1213,23.841013,38.010783
899,1213,23.777828,38.091029
900,1213,23.778206,38.076545
901,1213,23.850582,37.986991
903,1213,23.769407,38.106563
905,1213,23.815226,38.012206
906,1213,23.857492,38.008079
908,1213,23.766268,37.987323
910,1213,23.778951,37.836879
912,1213,23.836094,38.124309
913,1213,23.786568,38.012446
915,1213,23.980633,38.02256
916,1213,23.908993,37.86898
917,1213,23.772486,38.056491
920,1213,23.905607,37.968696
