863,1218,23.841057,38.130984
865,1218,23.871436,38.013659
866,1218,23.826248,38.029945
867,1218,23.806847,38.018771
870,1218,23.897543,37.962306
870,1218,23.897543,37.962306
872,1218,23.821936,38.033733
874,1218,23.833666,38.025493
876,1218,23.856933,38.123214
879,1218,23.860214,38.020011
882,1218,23.824996,38.114054
883,1218,23.831859,38.025493
884,1218,23.833582,38.025337
885,1218,23.830456,38.026302
887,1218,23.85852,38.007194
888,1218,23.840828,38.130874
892,1218,23.833067,38.01382
893,1218,23.841099,38.130954
895,1218,23.798371,37.999229
896,1218,23.78603,38.084502
897,1218,23.785637,38.084109
898,1218,23.858537,38.0073
899,1218,23.82898,38.114653
900,1218,23.808077,38.101505
901,1218,23.855272,37.99005
903,1218,23.840803,38.131431
905,1218,23.781175,37.982967
906,1218,23.8621,38.00489
908,1218,23.880985,37.989746
910,1218,23.771051,37.843642
912,1218,23.817648,38.096629
913,1218,23.785266,38.009567
915,1218,23.860285,38.020206
916,1218,23.907007,37.868785
917,1218,23.782816,38.047874
920,1218,23.829303,38.027022
