863,1219,23.745197,38.085956
865,1219,23.858082,38.008933
866,1219,23.857658,38.008209
867,1219,23.860258,38.016032
870,1219,23.881264,37.989875
870,1219,23.881264,37.989875
872,1219,23.819716,38.032001
874,1219,23.852492,37.999499
876,1219,23.821173,38.091578
879,1219,23.881141,37.990295
882,1219,23.769022,38.093322
883,1219,23.840307,38.028377
884,1219,23.834803,38.026748
885,1219,23.83943,38.051223
887,1219,23.828776,38.038752
888,1219,23.859199,38.1208
892,1219,23.872932,37.990077
893,1219,23.759815,38.06607
895,1219,23.828812,38.013904
896,1219,23.820463,38.090759
897,1219,23.785966,38.084541
898,1219,23.812584,38.011626
899,1219,23.774547,38.092456
900,1219,23.840076,38.130809
901,1219,23.858492,37.988689
903,1219,23.840704,38.131732
905,1219,23.810816,38.011207
906,1219,23.881216,37.98997
908,1219,23.764257,37.986251
910,1219,23.770571,37.844703
912,1219,23.829145,38.118068
913,1219,23.785307,38.009566
915,1219,23.861694,38.019774
916,1219,23.907038,37.868876
917,1219,23.846069,38.142967
920,1219,23.872158,37.993858
