863,122,23.818754,38.084227
862,122,23.855164,38.006919
864,122,23.855576,38.022803
865,122,23.87808,37.990241
866,122,23.825052,38.013945
867,122,23.880906,37.989627
869,122,23.871115,38.120376
870,122,23.850695,38.009433
870,122,23.850695,38.009433
872,122,23.741188,38.102393
873,122,23.86006,38.021709
874,122,23.788829,38.001693
875,122,23.869665,38.005504
876,122,23.834559,38.122463
878,122,23.807858,38.101535
879,122,23.975918,38.088069
880,122,23.611037,38.062888
882,122,23.793808,38.095149
883,122,23.872644,37.952159
884,122,23.87397,37.993194
885,122,23.901644,38.013999
887,122,23.883795,37.923793
888,122,23.720049,38.016837
889,122,23.817816,38.088508
891,122,23.831756,38.013682
892,122,23.889685,37.956683
893,122,23.710258,38.010814
894,122,23.8274,38.013996
895,122,23.867636,37.979415
896,122,23.841005,38.131015
897,122,23.768683,38.09299
898,122,23.883066,38.002326
899,122,23.834095,38.121848
900,122,23.874346,38.004527
901,122,23.831871,38.02404
903,122,23.735269,38.104412
904,122,23.768328,38.107768
905,122,23.84722,38.021281
906,122,23.75223,37.978511
908,122,23.881944,37.988025
910,122,23.884157,37.926623
911,122,23.840605,38.131644
912,122,23.751037,38.052119
913,122,23.88384,38.237429
914,122,23.7747,38.092383
915,122,23.806699,38.015048
916,122,23.910368,37.896671
917,122,23.770705,38.073215
918,122,23.770391,38.109935
920,122,23.857195,38.009891
921,122,23.840996,38.016025
