863,1220,23.82152,38.056613
865,1220,23.928679,37.997939
866,1220,23.826258,38.029945
867,1220,24.014569,38.142902
870,1220,23.766361,37.992099
870,1220,23.766361,37.992099
872,1220,23.762356,38.041347
874,1220,23.787688,38.032199
876,1220,23.856533,38.126384
879,1220,23.860134,38.01625
882,1220,23.739351,38.102344
883,1220,23.860342,38.019038
884,1220,23.836153,38.02824
885,1220,23.838829,38.051623
887,1220,23.836204,38.028213
888,1220,23.840678,38.131213
892,1220,23.870953,37.990077
893,1220,23.841169,38.1309
895,1220,23.79981,37.998027
896,1220,23.84547,38.139133
897,1220,23.786117,38.084502
898,1220,23.953996,38.005713
899,1220,23.829238,38.116683
900,1220,23.846305,38.143
901,1220,23.860971,37.987628
903,1220,23.840593,38.131813
905,1220,23.877874,37.953327
906,1220,23.881345,37.990127
908,1220,23.880245,37.989025
910,1220,23.770101,37.845763
912,1220,23.817157,38.095279
913,1220,23.840986,38.130885
915,1220,23.863994,38.018523
916,1220,23.907694,37.868701
917,1220,23.783366,38.047725
920,1220,23.843642,38.044021
