863,1224,23.819929,38.057834
865,1224,23.870857,38.008181
866,1224,23.867199,38.005958
867,1224,24.014549,38.143073
870,1224,23.766281,37.99192
870,1224,23.766281,37.99192
872,1224,23.762714,38.041988
874,1224,23.786597,38.032367
876,1224,23.857954,38.129875
879,1224,23.784882,38.009361
882,1224,23.823585,38.112125
883,1224,23.83122,38.025855
884,1224,23.847511,38.02521
885,1224,23.83617,38.051242
887,1224,23.837564,38.027992
888,1224,23.841028,38.131064
892,1224,23.833107,38.0139
893,1224,23.759475,38.065379
895,1224,23.80046,37.997676
896,1224,23.787788,38.086765
897,1224,23.762788,38.041607
898,1224,23.810083,38.011046
899,1224,23.8316,38.119205
900,1224,23.786898,38.104663
901,1224,23.867144,37.989181
903,1224,23.836584,38.125385
905,1224,23.822991,38.032264
906,1224,23.862082,38.000068
908,1224,23.821658,38.034305
910,1224,23.76727,37.853954
912,1224,23.816686,38.09447
913,1224,23.784948,38.009337
915,1224,23.872163,38.017654
916,1224,23.910255,37.86872
917,1224,23.783655,38.046435
920,1224,23.846951,38.04214
