863,1228,23.833749,38.121665
865,1228,23.941238,38.00209
866,1228,23.881791,37.990375
867,1228,24.014549,38.143142
870,1228,23.766161,37.991599
870,1228,23.766161,37.991599
872,1228,23.758995,38.044948
874,1228,23.838976,38.027492
876,1228,23.858632,38.130683
879,1228,23.784783,38.009398
882,1228,23.840422,38.13193
883,1228,23.837107,38.029635
884,1228,23.847711,38.022205
885,1228,23.823276,38.032569
887,1228,23.840025,38.026992
888,1228,23.87213,38.117378
892,1228,23.833217,38.0139
893,1228,23.812109,38.076079
895,1228,23.82514,38.013855
896,1228,23.8454,38.139835
897,1228,23.761639,38.042117
898,1228,23.806103,38.009296
899,1228,23.83774,38.127857
900,1228,23.835716,38.059111
901,1228,23.884159,38.002021
903,1228,23.828134,38.116684
905,1228,23.881306,37.990096
906,1228,23.880605,37.989398
908,1228,23.758879,37.983954
910,1228,23.769618,37.861083
912,1228,23.817966,38.093879
913,1228,23.840907,38.130832
915,1228,23.872064,38.007171
916,1228,23.909815,37.868873
917,1228,23.840882,38.131233
920,1228,23.84778,38.041701
