863,1229,23.745138,38.084476
865,1229,23.871667,38.005313
866,1229,23.868378,37.996959
867,1229,23.860326,38.017047
870,1229,23.881975,37.990508
870,1229,23.881975,37.990508
872,1229,23.808294,38.024855
874,1229,23.850652,37.99834
876,1229,23.818453,38.089289
879,1229,23.857633,38.008231
882,1229,23.820545,38.109134
883,1229,23.85737,38.010398
884,1229,23.847391,38.021743
885,1229,23.832475,38.025508
887,1229,23.859439,38.007304
888,1229,23.872699,38.115867
892,1229,23.870304,37.995807
893,1229,23.831791,38.119525
895,1229,23.800371,37.997756
896,1229,23.824394,38.0978
897,1229,23.761308,38.042235
898,1229,23.943617,38.002864
899,1229,23.767747,38.092265
900,1229,23.799927,38.098323
901,1229,23.873972,37.99134
903,1229,23.825815,38.114395
905,1229,23.781755,37.981898
906,1229,23.955288,38.006305
908,1229,23.874735,37.992392
910,1229,23.769199,37.862434
912,1229,23.787525,38.084957
913,1229,23.886986,38.094127
915,1229,23.872074,38.005111
916,1229,23.910284,37.868862
917,1229,23.840976,38.134425
920,1229,23.831043,38.025711
