863,1230,23.825068,38.061645
865,1230,23.941719,38.002219
866,1230,23.881373,37.990104
867,1230,23.819628,38.021419
870,1230,23.79487,38.005134
870,1230,23.79487,38.005134
872,1230,23.758505,38.045577
874,1230,23.786677,38.03189
876,1230,23.859083,38.131224
879,1230,23.857593,38.00814
882,1230,23.840592,38.131412
883,1230,23.831131,38.025825
884,1230,23.846981,38.021202
885,1230,23.832457,38.0256
887,1230,23.830547,38.026229
888,1230,23.875401,38.115897
892,1230,23.833198,38.013782
893,1230,23.758726,38.064456
895,1230,23.82477,38.013854
896,1230,23.84457,38.140895
897,1230,23.76187,38.041576
898,1230,23.856237,38.00854
899,1230,23.83963,38.131725
900,1230,23.786388,38.084461
901,1230,23.883148,38.002193
903,1230,23.823394,38.113254
905,1230,23.807806,38.010077
906,1230,23.881185,37.994136
908,1230,23.756639,37.982616
910,1230,23.76881,37.863654
912,1230,23.821863,38.110416
913,1230,23.885605,38.095706
915,1230,23.872534,38.00502
916,1230,23.910323,37.868831
917,1230,23.781915,38.044433
920,1230,23.870308,37.995967
