863,1236,23.826548,38.066325
865,1236,23.941328,38.00619
866,1236,23.881371,37.991339
867,1236,23.859956,38.022316
870,1236,23.830744,38.040244
870,1236,23.830744,38.040244
872,1236,23.754204,38.048304
874,1236,23.845036,38.025573
876,1236,23.858273,38.134277
879,1236,23.881522,37.990333
882,1236,23.770104,38.096164
883,1236,23.831329,38.025932
884,1236,23.857145,38.063079
885,1236,23.823236,38.032737
887,1236,23.842976,38.026523
888,1236,23.840759,38.131125
892,1236,23.861414,38.000258
893,1236,23.758356,38.064117
895,1236,23.820081,38.01382
896,1236,23.846449,38.143226
897,1236,23.760787,38.042548
898,1236,23.802673,38.007853
899,1236,23.840491,38.132132
900,1236,23.753105,38.055232
901,1236,23.882318,37.99937
903,1236,23.809904,38.106731
905,1236,23.765839,37.986819
906,1236,23.876975,37.991019
908,1236,23.75293,37.979026
910,1236,23.764699,37.871444
912,1236,23.814953,38.104347
913,1236,23.867296,38.105624
915,1236,23.871733,38.003086
916,1236,23.906931,37.868842
917,1236,23.785825,38.042571
920,1236,23.868158,37.997096
