863,1239,23.822908,38.066657
865,1239,23.878228,38.003749
866,1239,23.878908,37.989707
867,1239,23.859629,38.023742
870,1239,23.794651,38.004981
870,1239,23.794651,38.004981
872,1239,23.802885,38.023094
874,1239,23.844793,37.997051
876,1239,23.815142,38.082622
879,1239,23.881531,37.990333
882,1239,23.809585,38.102164
883,1239,23.83004,38.026752
884,1239,23.855119,38.008659
885,1239,23.823147,38.032687
887,1239,23.845325,38.025463
888,1239,23.840799,38.131496
892,1239,23.839189,38.011268
893,1239,23.824593,38.113986
895,1239,23.818471,38.01435
896,1239,23.817024,38.101421
897,1239,23.757917,38.046157
898,1239,23.853181,38.008945
899,1239,23.763709,38.098148
900,1239,23.835907,38.058761
901,1239,23.881272,37.989989
903,1239,23.768729,38.108043
905,1239,23.862753,37.951534
906,1239,23.875107,37.992851
908,1239,23.870933,37.994651
910,1239,23.763731,37.876598
912,1239,23.786104,38.084518
913,1239,23.853527,38.112457
915,1239,23.977593,38.015789
916,1239,23.908327,37.869495
917,1239,23.840777,38.131217
920,1239,23.852692,38.03712
