863,1241,23.756948,38.089321
865,1241,23.940408,38.01004
866,1241,23.881098,37.989825
867,1241,23.833238,38.02483
870,1241,23.830433,38.040065
870,1241,23.830433,38.040065
872,1241,23.802815,38.023075
874,1241,23.844793,37.997051
876,1241,23.814522,38.081073
879,1241,23.862974,37.99961
882,1241,23.767334,38.097014
883,1241,23.833685,38.025535
884,1241,23.854519,38.008819
885,1241,23.822878,38.032497
887,1241,23.829774,38.041576
888,1241,23.879848,38.108016
892,1241,23.845061,38.010429
893,1241,23.811619,38.072428
895,1241,23.818372,38.014411
896,1241,23.816974,38.101421
897,1241,23.753208,38.048526
898,1241,23.929018,37.997973
899,1241,23.761328,38.098888
900,1241,23.839266,38.130728
901,1241,23.881998,37.991561
903,1241,23.768818,38.108623
905,1241,23.779526,37.979331
906,1241,23.87524,37.992007
908,1241,23.869713,37.996181
910,1241,23.763431,37.880759
912,1241,23.787063,38.085688
913,1241,23.850968,38.114627
915,1241,23.974882,38.013038
916,1241,23.909928,37.869983
917,1241,23.788758,38.04613
920,1241,23.881762,37.990478
