863,1242,23.821049,38.067199
865,1242,23.938028,38.011638
866,1242,23.881311,37.990112
867,1242,23.859629,38.023742
870,1242,23.765042,37.990157
870,1242,23.765042,37.990157
872,1242,23.751303,38.050476
874,1242,23.848406,38.023444
876,1242,23.856153,38.136958
879,1242,23.783364,38.009616
882,1242,23.808632,38.060451
883,1242,23.855308,38.007178
884,1242,23.858414,38.059001
885,1242,23.822677,38.032748
887,1242,23.848514,38.025054
888,1242,23.878297,38.108337
892,1242,23.858314,38.006629
893,1242,23.823723,38.112255
895,1242,23.881592,37.990401
896,1242,23.789478,38.089045
897,1242,23.751009,38.049426
898,1242,23.853842,38.008815
899,1242,23.840768,38.131453
900,1242,23.786638,38.084571
901,1242,23.881628,37.991001
903,1242,23.807054,38.10686
905,1242,23.805565,38.009029
906,1242,23.876127,37.995292
908,1242,23.747969,37.975383
910,1242,23.763011,37.88227
912,1242,23.800903,38.098758
913,1242,23.854868,38.116988
915,1242,23.872382,37.998103
916,1242,23.910578,37.869762
917,1242,23.787857,38.046531
920,1242,23.865028,37.998775
