863,1246,23.760509,38.090873
865,1246,23.879436,38.003768
866,1246,23.881267,37.990703
867,1246,23.857967,38.024177
870,1246,23.764711,37.989768
870,1246,23.764711,37.989768
872,1246,23.750353,38.050715
874,1246,23.845806,38.019031
876,1246,23.812391,38.076999
879,1246,23.881621,37.990371
882,1246,23.764864,38.097766
883,1246,23.8306,38.026344
884,1246,23.859804,38.059932
885,1246,23.793631,38.012885
887,1246,23.861082,38.012122
888,1246,23.877499,38.110939
892,1246,23.853961,38.008861
893,1246,23.756885,38.062309
895,1246,23.816483,38.015159
896,1246,23.792697,38.093417
897,1246,23.747287,38.048495
898,1246,23.855869,38.011569
899,1246,23.840448,38.131736
900,1246,23.759594,38.068744
901,1246,23.77927,38.029304
903,1246,23.805325,38.107379
905,1246,23.831021,38.025885
906,1246,23.881131,37.989875
908,1246,23.742329,37.971522
910,1246,23.761722,37.88639
912,1246,23.792824,38.093936
913,1246,23.85669,38.123481
915,1246,23.875882,37.996784
916,1246,23.910339,37.867042
917,1246,23.840734,38.131518
920,1246,23.832365,38.02555
