863,1247,23.820989,38.073691
865,1247,23.933058,38.017409
866,1247,23.826328,38.029838
867,1247,23.834358,38.026248
870,1247,23.880156,37.998397
870,1247,23.880156,37.998397
872,1247,23.802345,38.022914
874,1247,23.844753,37.997081
876,1247,23.81219,38.076629
879,1247,23.90838,37.868793
882,1247,23.808632,38.06042
883,1247,23.856138,38.003394
884,1247,23.845728,38.010383
885,1247,23.792961,38.011794
887,1247,23.828785,38.043765
888,1247,23.877569,38.111178
892,1247,23.858494,38.007251
893,1247,23.81093,38.06792
895,1247,23.816344,38.01522
896,1247,23.817816,38.105709
897,1247,23.745907,38.048915
898,1247,23.854931,38.008495
899,1247,23.756788,38.101168
900,1247,23.751335,38.052414
901,1247,23.881388,37.990051
903,1247,23.803905,38.109847
905,1247,23.804955,38.00875
906,1247,23.873587,37.995322
908,1247,23.860373,38.0009
910,1247,23.876816,37.932571
912,1247,23.789972,38.08979
913,1247,23.85705,38.12807
915,1247,23.962582,38.007995
916,1247,23.908972,37.868915
917,1247,23.840294,38.131308
920,1247,23.881771,37.990489
