863,1249,23.82083,38.076911
865,1249,23.932348,38.018779
866,1249,23.881998,37.990672
867,1249,23.854347,38.024905
870,1249,23.874901,37.952685
870,1249,23.874901,37.952685
872,1249,23.801845,38.022624
874,1249,23.849086,38.017779
876,1249,23.812082,38.075267
879,1249,23.783163,38.009707
882,1249,23.796707,38.097095
883,1249,23.833234,38.024967
884,1249,23.843807,38.010223
885,1249,23.91234,38.001403
887,1249,23.860412,38.013744
888,1249,23.881142,37.989967
892,1249,23.85496,38.00748
893,1249,23.840698,38.131603
895,1249,23.815733,38.01554
896,1249,23.821485,38.109366
897,1249,23.743036,38.049964
898,1249,23.917368,37.998882
899,1249,23.758169,38.10327
900,1249,23.815704,38.203708
901,1249,23.881317,37.989959
903,1249,23.800806,38.115314
905,1249,23.771808,37.991241
906,1249,23.870407,37.996074
908,1249,23.857933,38.002708
910,1249,23.874056,37.932922
912,1249,23.791042,38.091228
913,1249,23.8579,38.129851
915,1249,23.957872,38.006996
916,1249,23.908972,37.868934
917,1249,23.839283,38.130759
920,1249,23.896406,37.979586
