863,125,23.845286,38.139461
862,125,23.856874,38.002959
864,125,23.845364,38.010394
865,125,23.859089,38.001773
866,125,23.823662,38.013847
867,125,23.868971,37.990325
869,125,23.871135,38.123767
870,125,23.841454,38.010741
870,125,23.841454,38.010741
872,125,23.738459,38.102375
873,125,23.85923,38.028419
874,125,23.78389,38.002692
875,125,23.871065,38.005241
876,125,23.840557,38.131633
878,125,23.795967,38.096797
879,125,23.888399,37.932922
880,125,23.842257,38.127017
882,125,23.789968,38.090209
883,125,23.877529,37.990546
884,125,23.86924,37.996444
885,125,23.85795,38.004649
887,125,23.853613,38.025131
888,125,23.717459,38.010398
889,125,23.817566,38.088229
891,125,23.86339,37.999485
892,125,23.923367,37.887237
893,125,23.712131,38.010055
894,125,23.880672,38.002189
895,125,23.880097,37.988975
896,125,23.834206,38.0614
897,125,23.768473,38.09666
898,125,23.880996,37.989737
899,125,23.827186,38.115687
900,125,23.876476,38.005657
901,125,23.792969,38.021484
903,125,23.84094,38.131149
904,125,23.769379,38.107738
905,125,23.840533,38.028232
906,125,23.741649,37.971167
908,125,23.81094,38.017535
910,125,23.794878,38.005179
911,125,23.841086,38.130885
912,125,23.750387,38.051452
913,125,23.824003,38.096401
914,125,23.781824,38.079021
915,125,23.804062,38.013831
916,125,23.893797,37.958286
917,125,23.765465,38.071094
918,125,23.770231,38.109744
920,125,23.857393,38.01044
921,125,23.844086,38.016891
