863,1250,23.768489,38.092075
865,1250,23.880636,38.00349
866,1250,23.881363,37.990104
867,1250,23.835138,38.027007
870,1250,23.764641,37.989677
870,1250,23.764641,37.989677
872,1250,23.748642,38.050567
874,1250,23.851347,38.017681
876,1250,23.812163,38.074996
879,1250,23.88212,37.990802
882,1250,23.762524,38.098494
883,1250,23.859228,38.001743
884,1250,23.844926,38.008262
885,1250,23.795162,38.010863
887,1250,23.826595,38.042746
888,1250,23.850498,38.142684
892,1250,23.858485,38.0073
893,1250,23.755454,38.06092
895,1250,23.815263,38.01583
896,1250,23.801279,38.098598
897,1250,23.745176,38.052993
898,1250,23.85519,38.007316
899,1250,23.840349,38.131537
900,1250,23.838157,38.058139
901,1250,23.77803,38.029284
903,1250,23.799055,38.118454
905,1250,23.779927,37.976989
906,1250,23.880726,38.002887
908,1250,23.740417,37.970226
910,1250,23.7613,37.888129
912,1250,23.790994,38.091579
913,1250,23.858462,38.130531
915,1250,23.874873,37.992671
916,1250,23.912988,37.867072
917,1250,23.838783,38.129939
920,1250,23.856361,38.031859
