863,1251,23.8207,38.0774
865,1251,23.932579,38.020389
866,1251,23.881317,37.990192
867,1251,23.85054,38.026152
870,1251,23.880506,38.000735
870,1251,23.880506,38.000735
872,1251,23.801456,38.022476
874,1251,23.852527,38.01628
876,1251,23.812362,38.074156
879,1251,23.90949,37.868762
882,1251,23.75227,38.094203
883,1251,23.832439,38.025542
884,1251,23.808082,38.060428
885,1251,23.91234,38.001403
887,1251,23.824066,38.041816
888,1251,23.849328,38.144103
892,1251,23.761194,37.986885
893,1251,23.80962,38.065711
895,1251,23.815004,38.015948
896,1251,23.825226,38.112918
897,1251,23.746977,38.057624
898,1251,23.855869,38.011538
899,1251,23.759958,38.105842
900,1251,23.790087,38.090312
901,1251,23.7791,38.029765
903,1251,23.797374,38.121524
905,1251,23.881297,37.990066
906,1251,23.88139,37.990134
908,1251,23.857933,38.004989
910,1251,23.871555,37.93304
912,1251,23.792852,38.093589
913,1251,23.858591,38.130679
915,1251,23.953502,38.005645
916,1251,23.909662,37.868762
917,1251,23.837682,38.127681
920,1251,23.831805,38.025851
