863,1252,23.771429,38.092464
865,1252,23.880596,38.002078
866,1252,23.881872,37.990424
867,1252,23.852818,38.025466
870,1252,23.794003,38.004589
870,1252,23.794003,38.004589
872,1252,23.745432,38.049468
874,1252,23.854458,38.012042
876,1252,23.811672,38.072566
879,1252,23.873134,37.994311
882,1252,23.792418,38.093505
883,1252,23.832534,38.025558
884,1252,23.881344,37.990143
885,1252,23.796853,38.012381
887,1252,23.849136,38.024913
888,1252,23.847879,38.144805
892,1252,23.855879,38.005939
893,1252,23.808396,38.101665
895,1252,23.814273,38.01625
896,1252,23.807399,38.101047
897,1252,23.750107,38.062545
898,1252,23.793422,38.003967
899,1252,23.84027,38.131527
900,1252,23.837906,38.1281
901,1252,23.779091,38.029765
903,1252,23.795775,38.124442
905,1252,23.831671,38.025516
906,1252,23.869417,37.996265
908,1252,23.738267,37.969085
910,1252,23.76114,37.888778
912,1252,23.789193,38.089248
913,1252,23.859032,38.131229
915,1252,23.874862,37.992671
916,1252,23.914777,37.867522
917,1252,23.837002,38.126163
920,1252,23.858139,38.002334
