863,1253,23.820179,38.078991
865,1253,23.93281,38.021807
866,1253,23.881298,37.990161
867,1253,23.836409,38.028499
870,1253,23.869981,37.951957
870,1253,23.869981,37.951957
872,1253,23.801237,38.022415
874,1253,23.857088,38.009784
876,1253,23.810982,38.070518
879,1253,23.783382,38.010066
882,1253,23.760494,38.099074
883,1253,23.863317,37.999534
884,1253,23.844977,38.00812
885,1253,23.798431,38.01242
887,1253,23.860224,38.016242
888,1253,23.84541,38.141944
892,1253,23.762233,37.986255
893,1253,23.840658,38.131702
895,1253,23.814233,38.016261
896,1253,23.828226,38.115917
897,1253,23.755126,38.066616
898,1253,23.912486,38.000941
899,1253,23.760758,38.108802
900,1253,23.786638,38.084583
901,1253,23.77952,38.029667
903,1253,23.794584,38.126594
905,1253,23.803774,38.008262
906,1253,23.880726,38.002899
908,1253,24.012323,37.879676
910,1253,23.870516,37.933101
912,1253,23.796272,38.096598
913,1253,23.857351,38.13129
915,1253,23.948452,38.004436
916,1253,23.910923,37.868751
917,1253,23.837471,38.126002
920,1253,23.894356,37.980907
