863,1257,23.818758,38.085738
865,1257,23.933849,38.023795
866,1257,23.881312,37.994014
867,1257,23.84855,38.026793
870,1257,23.865181,37.951698
870,1257,23.865181,37.951698
872,1257,23.797857,38.022464
874,1257,23.857469,38.008025
876,1257,23.809431,38.065116
879,1257,23.786361,38.012237
882,1257,23.757765,38.099933
883,1257,23.829099,38.027503
884,1257,23.844957,38.008132
885,1257,23.800421,38.01274
887,1257,23.823079,38.032768
888,1257,23.842951,38.137931
892,1257,23.856699,38.003005
893,1257,23.840599,38.131782
895,1257,23.813084,38.016723
896,1257,23.835765,38.123614
897,1257,23.781547,38.078925
898,1257,23.908067,38.002582
899,1257,23.762568,38.112319
900,1257,23.778168,38.100673
901,1257,23.787,38.025295
903,1257,23.789604,38.117912
905,1257,23.779828,37.97697
906,1257,23.976391,38.014179
908,1257,23.858402,38.0069
910,1257,23.76041,37.889057
912,1257,23.805771,38.100341
913,1257,23.840856,38.130931
915,1257,23.939823,38.001845
916,1257,23.911373,37.867794
917,1257,23.845612,38.127684
920,1257,23.893135,37.981708
