863,1260,23.820109,38.085567
865,1260,23.881627,37.99097
866,1260,23.826158,38.030021
867,1260,23.844921,38.028682
870,1260,23.793402,38.004268
870,1260,23.793402,38.004268
872,1260,23.747144,38.05802
874,1260,23.8554,38.007392
876,1260,23.808491,38.059039
879,1260,23.879905,37.989081
882,1260,23.790426,38.090926
883,1260,23.828829,38.027682
884,1260,23.881893,37.990569
885,1260,23.90246,38.002891
887,1260,23.854744,38.017112
888,1260,23.8409,38.131202
892,1260,23.764515,37.985877
893,1260,23.794645,38.095844
895,1260,23.79833,37.999446
896,1260,23.817141,38.106086
897,1260,23.789099,38.088745
898,1260,23.793203,38.003817
899,1260,23.840488,38.131816
900,1260,23.813795,38.202579
901,1260,23.792931,38.021575
903,1260,23.767827,38.108802
905,1260,23.779158,37.99533
906,1260,23.880677,38.003078
908,1260,23.858531,38.00727
910,1260,23.760311,37.889327
912,1260,23.775896,38.075233
913,1260,23.840856,38.130862
915,1260,23.880722,37.98947
916,1260,23.919176,37.869522
917,1260,23.84987,38.130397
920,1260,23.854328,38.005096
