863,1266,23.822458,38.085856
865,1266,23.936779,38.026271
866,1266,23.881348,37.990024
867,1266,23.841881,38.027675
870,1266,23.762491,37.98764
870,1266,23.762491,37.98764
872,1266,23.760994,38.069103
874,1266,23.86148,38.000144
876,1266,23.809803,38.051288
879,1266,23.88014,37.99884
882,1266,23.809994,38.066268
883,1266,23.882036,37.990737
884,1266,23.881893,37.990558
885,1266,23.89945,38.003231
887,1266,23.819408,38.040126
888,1266,23.877821,38.109546
892,1266,23.856779,38.002894
893,1266,23.753204,38.057841
895,1266,23.88145,37.990222
896,1266,23.82419,38.114142
897,1266,23.79544,38.096206
898,1266,23.85787,38.002379
899,1266,23.840969,38.130916
900,1266,23.84053,38.130878
901,1266,23.80316,38.018165
903,1266,23.780655,38.100967
905,1266,23.781687,37.996929
906,1266,23.861128,38.011135
908,1266,23.729818,37.965579
910,1266,23.761311,37.888137
912,1266,23.760798,38.069171
913,1266,23.833161,38.093074
915,1266,23.920984,37.994556
916,1266,23.921447,37.872344
917,1266,23.849781,38.131038
920,1266,23.859503,38.024486
