863,1273,23.834917,38.122737
865,1273,23.881204,37.990073
866,1273,23.880761,38.003184
867,1273,23.850027,38.026336
870,1273,23.864033,37.948226
870,1273,23.864033,37.948226
872,1273,23.790876,38.023254
874,1273,23.864321,37.999076
876,1273,23.807453,38.047
879,1273,23.88107,38.002319
882,1273,23.759865,38.105754
883,1273,23.881346,37.989978
884,1273,23.810234,38.056899
885,1273,23.896141,38.00381
887,1273,23.850048,38.025989
888,1273,23.877701,38.115505
892,1273,23.872551,37.951739
893,1273,23.790674,38.091121
895,1273,23.809034,38.018313
896,1273,23.839411,38.131369
897,1273,23.790348,38.090335
898,1273,23.793093,38.003639
899,1273,23.840859,38.130866
900,1273,23.781866,38.079463
901,1273,23.829283,38.02344
903,1273,23.774023,38.100109
905,1273,23.881807,37.992187
906,1273,23.941818,38.002395
908,1273,24.014312,37.881179
910,1273,23.760629,37.886729
912,1273,23.82695,38.114722
913,1273,23.825291,38.098761
915,1273,23.912462,37.973472
916,1273,23.920211,37.870185
917,1273,23.788639,38.045822
920,1273,23.853656,38.008857
