863,1274,23.79072,38.10984
865,1274,23.937578,38.028079
866,1274,23.880779,38.003215
867,1274,23.848639,38.023716
870,1274,23.76194,37.987197
870,1274,23.76194,37.987197
872,1274,23.785214,38.083693
874,1274,23.846242,37.996581
876,1274,23.845673,38.139468
879,1274,23.795254,38.017543
882,1274,23.811073,38.068069
883,1274,23.881296,37.989978
884,1274,23.811274,38.054038
885,1274,23.895861,38.003859
887,1274,23.855585,38.022632
888,1274,23.841017,38.131061
892,1274,23.769554,37.989989
893,1274,23.842739,38.137561
895,1274,23.808615,38.018485
896,1274,23.840504,38.131743
897,1274,23.815731,38.105487
898,1274,23.896857,38.003627
899,1274,23.76525,38.113052
900,1274,23.814861,38.041149
901,1274,23.833434,38.025012
903,1274,23.768497,38.108832
905,1274,23.83387,38.025798
906,1274,23.941377,38.002224
908,1274,23.821649,38.034343
910,1274,23.864553,37.951251
912,1274,23.745796,38.055701
913,1274,23.825271,38.098781
915,1274,23.911222,37.96997
916,1274,23.928768,37.877666
917,1274,23.788639,38.044303
920,1274,23.880813,37.989516
