863,1275,23.823837,38.090121
865,1275,23.881235,37.990104
866,1275,23.880809,38.003394
867,1275,23.838442,38.029163
870,1275,23.884905,38.003448
870,1275,23.884905,38.003448
872,1275,23.789788,38.023883
874,1275,23.8672,37.997558
876,1275,23.893637,38.101913
879,1275,23.883089,38.002201
882,1275,23.757227,38.090655
883,1275,23.823222,38.032626
884,1275,23.810074,38.051608
885,1275,23.894849,38.00405
887,1275,23.813646,38.043402
888,1275,23.876122,38.115954
892,1275,23.857079,38.002765
893,1275,23.840941,38.131301
895,1275,23.807925,38.018756
896,1275,23.840891,38.131313
897,1275,23.791628,38.092044
898,1275,23.868481,37.996779
899,1275,23.841051,38.130939
900,1275,23.832106,38.119933
901,1275,23.834743,38.026691
903,1275,23.772832,38.098529
905,1275,23.779807,37.976871
906,1275,23.941368,38.002212
908,1275,23.860613,38.007515
910,1275,23.761484,37.987254
912,1275,23.830851,38.118453
913,1275,23.825092,38.098849
915,1275,23.909903,37.968459
916,1275,23.920881,37.870833
917,1275,23.78801,38.042613
920,1275,23.860111,38.016375
