863,1277,23.789449,38.115341
865,1277,23.881235,37.990043
866,1277,23.880828,38.003524
867,1277,23.847267,38.027354
870,1277,23.865833,37.946647
870,1277,23.865833,37.946647
872,1277,23.789777,38.023883
874,1277,23.870041,37.996009
876,1277,23.845673,38.139468
879,1277,23.88435,38.001712
882,1277,23.760695,38.108474
883,1277,23.881286,37.990069
884,1277,23.806652,38.045577
885,1277,23.89406,38.00418
887,1277,23.855505,38.024562
888,1277,23.873272,38.115916
892,1277,23.872141,37.952201
893,1277,23.787934,38.087562
895,1277,23.796209,38.000018
896,1277,23.840424,38.131553
897,1277,23.794408,38.095405
898,1277,23.891987,38.004527
899,1277,23.841051,38.130958
900,1277,23.819393,38.04412
901,1277,23.837473,38.028041
903,1277,23.772262,38.09679
905,1277,23.866371,37.94408
906,1277,23.940979,37.997203
908,1277,23.860832,38.008754
910,1277,23.76078,37.88655
912,1277,23.83478,38.122554
913,1277,23.825503,38.099761
915,1277,23.907972,37.96825
916,1277,23.921421,37.872073
917,1277,23.7825,38.044135
920,1277,23.853676,38.008876
