863,1279,23.829329,38.11816
865,1279,23.936998,38.027862
866,1279,23.825878,38.030265
867,1279,23.838303,38.029224
870,1279,23.887794,38.003929
870,1279,23.887794,38.003929
872,1279,23.789657,38.024074
874,1279,23.873082,37.994357
876,1279,23.805994,38.045222
879,1279,23.88503,38.00125
882,1279,23.759127,38.090274
883,1279,23.882117,37.99079
884,1279,23.803463,38.04145
885,1279,23.893949,38.004199
887,1279,23.854078,38.024959
888,1279,23.872183,38.119029
892,1279,23.857138,38.002765
893,1279,23.83995,38.131923
895,1279,23.795309,38.000789
896,1279,23.840911,38.131228
897,1279,23.799539,38.097984
898,1279,23.795843,38.001369
899,1279,23.840848,38.130886
900,1279,23.751444,38.06105
901,1279,23.842913,38.026599
903,1279,23.771332,38.09584
905,1279,23.881178,37.994487
906,1279,23.936958,37.988651
908,1279,23.861072,38.009925
910,1279,23.870613,37.951953
912,1279,23.837419,38.126952
913,1279,23.825743,38.10179
915,1279,23.904281,37.973842
916,1279,23.921692,37.873313
917,1279,23.783739,38.046398
920,1279,23.860111,38.013057
