863,1280,23.79022,38.11906
865,1280,23.935888,38.02761
866,1280,23.879509,38.003684
867,1280,23.881424,37.989913
870,1280,23.792464,38.003398
870,1280,23.792464,38.003398
872,1280,23.794415,38.095496
874,1280,23.786567,38.031913
876,1280,23.892096,38.101191
879,1280,23.796633,38.017402
882,1280,23.840282,38.131572
883,1280,23.823282,38.032554
884,1280,23.805133,38.041099
885,1280,23.89315,38.004348
887,1280,23.852895,38.025382
888,1280,23.870743,38.121199
892,1280,23.860285,38.013091
893,1280,23.784044,38.082511
895,1280,23.803995,38.01834
896,1280,23.840344,38.131541
897,1280,23.826952,38.115406
898,1280,23.887957,38.004096
899,1280,23.84082,38.131347
900,1280,23.753485,38.048652
901,1280,23.846243,38.025359
903,1280,23.768045,38.108764
905,1280,23.83535,38.027248
906,1280,23.934698,37.984279
908,1280,23.723969,37.961555
910,1280,23.761832,37.8856
912,1280,23.737056,38.04497
913,1280,23.826042,38.104492
915,1280,23.900202,37.977172
916,1280,23.931037,37.874206
917,1280,23.783699,38.0471
920,1280,23.881268,37.990192
