863,1285,23.824398,38.11388
865,1285,23.88125,37.990073
866,1285,23.8677,38.005977
867,1285,24.014518,38.142852
870,1285,23.874024,37.940357
870,1285,23.874024,37.940357
872,1285,23.79328,38.031043
874,1285,23.786726,38.032641
876,1285,23.842691,38.137626
879,1285,23.806223,38.018687
882,1285,23.840282,38.131583
883,1285,23.880716,38.0027
884,1285,23.860665,38.06087
885,1285,23.89213,38.004527
887,1285,23.859308,38.023948
888,1285,23.859453,38.120883
892,1285,23.779104,37.995483
893,1285,23.84184,38.13589
895,1285,23.88039,37.989005
896,1285,23.840693,38.131499
897,1285,23.815131,38.103915
898,1285,23.798592,37.999091
899,1285,23.83901,38.130485
900,1285,23.829536,38.118232
901,1285,23.848162,38.022941
903,1285,23.768625,38.108829
905,1285,23.83692,38.028259
906,1285,23.880497,38.000846
908,1285,23.720838,37.960033
910,1285,23.880193,37.953502
912,1285,23.840949,38.131072
913,1285,23.829304,38.116614
915,1285,23.886511,37.985934
916,1285,23.92386,37.875194
917,1285,23.778579,38.053607
920,1285,23.853265,38.009075
