863,1287,23.823868,38.095729
865,1287,23.88125,37.990054
866,1287,23.865931,38.006267
867,1287,23.850847,38.020068
870,1287,23.895975,38.003711
870,1287,23.895975,38.003711
872,1287,23.795209,38.032173
874,1287,23.846952,37.996631
876,1287,23.803723,38.041499
879,1287,23.808832,38.018176
882,1287,23.761515,38.112052
883,1287,23.880797,38.003299
884,1287,23.881354,37.990088
885,1287,23.891349,38.004638
887,1287,23.804556,38.043487
888,1287,23.858543,38.120761
892,1287,23.862291,37.951629
893,1287,23.84404,38.138091
895,1287,23.88046,37.988864
896,1287,23.840983,38.130908
897,1287,23.815229,38.105567
898,1287,23.876782,37.990989
899,1287,23.837551,38.127464
900,1287,23.819393,38.042312
901,1287,23.84748,38.02188
903,1287,23.768626,38.108867
905,1287,23.761579,37.987167
906,1287,23.880177,37.998565
908,1287,23.860274,38.012939
910,1287,23.761361,37.986793
912,1287,23.840949,38.131061
913,1287,23.840927,38.130924
915,1287,23.877292,37.990786
916,1287,23.92593,37.876624
917,1287,23.767319,38.058998
920,1287,23.881209,37.990119
