863,1288,23.823559,38.112128
865,1288,23.928889,38.033068
866,1288,23.825648,38.030555
867,1288,23.837954,38.029372
870,1288,23.877674,37.936828
870,1288,23.877674,37.936828
872,1288,23.815024,38.103854
874,1288,23.787296,38.032341
876,1288,23.840832,38.134067
879,1288,23.888481,38.001483
882,1288,23.811862,38.072501
883,1288,23.880787,38.003337
884,1288,23.860884,38.060908
885,1288,23.835649,38.051101
887,1288,23.859459,38.023917
888,1288,23.858494,38.121432
892,1288,23.781534,37.996982
893,1288,23.766695,38.071498
895,1288,23.800804,38.017703
896,1288,23.840982,38.130847
897,1288,23.837061,38.126357
898,1288,23.799832,37.998043
899,1288,23.84072,38.131305
900,1288,23.769796,38.101165
901,1288,23.847191,38.021498
903,1288,23.762361,38.098625
905,1288,23.86824,37.938258
906,1288,23.925739,37.968482
908,1288,23.71901,37.958633
910,1288,23.884452,37.954513
912,1288,23.733617,38.037487
913,1288,23.835995,38.124206
915,1288,23.873293,37.994235
916,1288,23.929235,37.87754
917,1288,23.761407,38.060096
920,1288,23.881852,37.990588
