863,1293,23.827807,38.101645
865,1293,23.925078,38.033656
866,1293,23.825228,38.030838
867,1293,24.015377,38.140841
870,1293,23.905025,38.002601
870,1293,23.905025,38.002601
872,1293,23.78364,38.035533
874,1293,23.849361,37.997561
876,1293,23.807734,38.03989
879,1293,23.812042,38.016918
882,1293,23.768938,38.092116
883,1293,23.874598,38.004397
884,1293,23.860643,38.060809
885,1293,23.836839,38.05122
887,1293,23.848076,38.026931
888,1293,23.858435,38.130351
892,1293,23.861813,37.951568
893,1293,23.845459,38.139651
895,1293,23.890221,37.983702
896,1293,23.845381,38.139266
897,1293,23.82436,38.114135
898,1293,23.880901,37.98957
899,1293,23.841108,38.131088
900,1293,23.838816,38.051548
901,1293,24.012286,37.879695
903,1293,23.758452,38.103767
905,1293,23.761638,37.987128
906,1293,23.882156,37.990855
908,1293,23.860323,38.016849
910,1293,23.762333,37.986194
912,1293,23.740509,38.047698
913,1293,23.840578,38.131514
915,1293,23.857872,38.003666
916,1293,23.930052,37.875858
917,1293,23.760128,38.068736
920,1293,23.881218,37.989929
