863,1301,23.804737,38.108097
865,1301,23.875351,37.992175
866,1301,23.825378,38.030677
867,1301,24.015777,38.13948
870,1301,23.789932,38.001949
870,1301,23.789932,38.001949
872,1301,23.780718,38.036983
874,1301,23.791415,38.029529
876,1301,23.871636,38.104366
879,1301,23.813244,38.016445
882,1301,23.812342,38.076613
883,1301,23.822581,38.033233
884,1301,23.859222,38.060672
885,1301,23.822778,38.032447
887,1301,23.843795,38.02814
888,1301,23.840879,38.134082
892,1301,23.859698,38.025245
893,1301,23.83539,38.14078
895,1301,23.748381,37.866866
896,1301,23.840924,38.130786
897,1301,23.836738,38.125816
898,1301,23.881342,37.990008
899,1301,23.83406,38.121982
900,1301,23.757956,38.04621
901,1301,24.010505,37.883888
903,1301,23.762942,38.112395
905,1301,23.880889,38.00241
906,1301,23.90574,37.969714
908,1301,23.992723,37.892482
910,1301,23.765423,37.986365
912,1301,23.818256,38.091964
913,1301,23.841156,38.1309
915,1301,23.855793,38.008357
916,1301,23.929913,37.876407
917,1301,23.787407,38.086605
920,1301,23.881224,37.989905
