863,1302,23.830467,38.107906
865,1302,23.87577,37.993773
866,1302,23.860493,38.019199
867,1302,23.838176,38.029308
870,1302,23.885563,37.922607
870,1302,23.885563,37.922607
872,1302,23.830784,38.118663
874,1302,23.852642,37.998179
876,1302,23.808936,38.041381
879,1302,23.896452,37.996646
882,1302,23.772137,38.092548
883,1302,23.879307,38.007728
884,1302,23.821813,38.040511
885,1302,23.83831,38.051497
887,1302,23.795345,38.033737
888,1302,23.847753,38.129051
892,1302,23.871184,37.942627
893,1302,23.846368,38.142963
895,1302,23.90273,37.975383
896,1302,23.841011,38.13098
897,1302,23.838728,38.129977
898,1302,23.79784,37.999839
899,1302,23.76261,38.112342
900,1302,23.781782,38.091621
901,1302,23.855201,38.0088
903,1302,23.768544,38.108912
905,1302,23.843,38.026511
906,1302,23.905081,37.972304
908,1302,23.860372,38.020389
910,1302,23.891872,37.957134
912,1302,23.817717,38.091212
913,1302,23.841097,38.130939
915,1302,23.855892,38.008346
916,1302,23.913317,37.894992
917,1302,23.8499,38.129866
920,1302,23.857674,38.007717
