863,1303,23.797539,38.097415
865,1303,23.881225,37.989974
866,1303,23.825438,38.030696
867,1303,23.857119,38.009551
870,1303,23.830162,38.040313
870,1303,23.830162,38.040313
872,1303,23.780557,38.037513
874,1303,23.790545,38.028438
876,1303,23.867114,38.105674
879,1303,23.813253,38.016445
882,1303,23.785896,38.084365
883,1303,23.822871,38.032974
884,1303,23.823303,38.041289
885,1303,23.801578,38.007689
887,1303,23.86364,38.017707
888,1303,23.842339,38.137012
892,1303,23.792326,38.003093
893,1303,23.739865,38.047446
895,1303,23.748671,37.867106
896,1303,23.840953,38.130775
897,1303,23.840578,38.131847
898,1303,23.882934,38.003688
899,1303,23.831661,38.119521
900,1303,23.815975,38.193359
901,1303,24.007506,37.884929
903,1303,23.767864,38.108287
905,1303,23.797672,38.006374
906,1303,23.901551,37.976333
908,1303,23.715797,37.956229
910,1303,23.760099,37.886226
912,1303,23.817587,38.091392
913,1303,23.841017,38.13095
915,1303,23.856753,38.009986
916,1303,23.927822,37.879985
917,1303,23.790417,38.090453
920,1303,23.833574,38.01332
