863,1304,23.806807,38.106017
865,1304,23.876011,37.996314
866,1304,23.860172,38.02156
867,1304,23.837353,38.029644
870,1304,23.916947,37.998958
870,1304,23.916947,37.998958
872,1304,23.832744,38.120662
874,1304,23.855423,37.99789
876,1304,23.809155,38.04338
879,1304,23.814234,38.016063
882,1304,23.84102,38.130924
883,1304,23.879707,38.008197
884,1304,23.881544,37.990306
885,1304,23.887108,38.004023
887,1304,23.909116,37.869491
888,1304,23.845113,38.127201
892,1304,23.859247,38.028655
893,1304,23.833361,38.13959
895,1304,23.902761,37.975364
896,1304,23.841011,38.13098
897,1304,23.841068,38.130996
898,1304,23.79702,38.000388
899,1304,23.761049,38.112182
900,1304,23.839586,38.049678
901,1304,23.881157,37.989948
903,1304,23.763382,38.112155
905,1304,23.872101,37.928836
906,1304,23.89641,37.979632
908,1304,23.987454,37.89429
910,1304,23.766604,37.987384
912,1304,23.816896,38.092459
913,1304,23.840927,38.131202
915,1304,23.854072,38.012996
916,1304,23.909117,37.897651
917,1304,23.8475,38.128997
920,1304,23.881134,37.989837
