863,1308,23.825996,38.109958
865,1308,23.873001,37.995765
866,1308,23.859112,38.030917
867,1308,23.836752,38.029002
870,1308,23.922077,37.99781
870,1308,23.922077,37.99781
872,1308,23.779747,38.038505
874,1308,23.858063,37.998691
876,1308,23.810335,38.044551
879,1308,23.814493,38.015982
882,1308,23.786266,38.084556
883,1308,23.879417,38.008468
884,1308,23.881655,37.992694
885,1308,23.886297,38.003913
887,1308,23.909666,37.869849
888,1308,23.838865,38.126201
892,1308,23.872654,37.941478
893,1308,23.84657,38.142765
895,1308,23.750891,37.868568
896,1308,23.841063,38.13095
897,1308,23.841018,38.130939
898,1308,23.796429,37.999908
899,1308,23.841097,38.130984
900,1308,23.819313,38.040431
901,1308,23.855292,38.00619
903,1308,23.768663,38.107727
905,1308,23.797432,38.006293
906,1308,23.881208,37.989924
908,1308,23.859682,38.023528
910,1308,23.771041,37.990733
912,1308,23.811185,38.09674
913,1308,23.836989,38.126102
915,1308,23.845532,38.018306
916,1308,23.899666,37.901553
917,1308,23.841741,38.12691
920,1308,23.861535,38.007015
