863,1319,23.818456,38.107334
865,1319,23.872666,37.989833
866,1319,23.856931,38.032867
867,1319,24.013067,38.1394
870,1319,23.87956,37.989379
870,1319,23.87956,37.989379
872,1319,23.840875,38.131152
874,1319,23.872251,37.995205
876,1319,23.854535,38.116584
879,1319,23.90813,37.868712
882,1319,23.766392,38.111114
883,1319,23.881216,37.989768
884,1319,23.830774,38.040531
885,1319,23.808828,38.010459
887,1319,23.867639,38.017097
888,1319,23.840996,38.13116
892,1319,23.855619,38.034865
893,1319,23.720984,38.017498
895,1319,23.783352,38.010097
896,1319,23.837301,38.126834
897,1319,23.841082,38.131076
898,1319,23.881726,37.99245
899,1319,23.817541,38.106528
900,1319,23.819313,38.04058
901,1319,23.874838,37.99242
903,1319,23.769033,38.106937
905,1319,23.795771,38.005714
906,1319,23.976471,38.01414
908,1319,23.852682,38.02552
910,1319,23.905903,37.968165
912,1319,23.826135,38.113883
913,1319,23.840868,38.131248
915,1319,23.876232,37.994514
916,1319,23.910521,37.896743
917,1319,23.820987,38.10971
920,1319,23.877315,37.990726
