863,132,23.795614,38.096565
862,132,23.880405,37.989162
864,132,23.850678,38.026122
865,132,23.875301,37.996513
866,132,23.872746,38.005016
867,132,23.863822,37.986445
869,132,23.859666,38.131748
870,132,23.820503,38.013648
870,132,23.820503,38.013648
872,132,23.735059,38.10469
873,132,23.857731,38.031447
874,132,23.775591,38.004451
875,132,23.873686,38.004634
876,132,23.840768,38.131492
878,132,23.786719,38.091277
879,132,23.982547,38.073085
880,132,23.603384,38.0633
882,132,23.854784,38.138137
883,132,23.878596,37.989936
884,132,23.881931,37.990462
885,132,23.901002,38.01583
887,132,23.894385,37.908583
888,132,23.713789,38.009605
889,132,23.824583,38.066542
891,132,23.828146,38.013995
892,132,23.897825,37.962325
893,132,23.734916,38.04261
894,132,23.82394,38.013846
895,132,23.869686,37.990649
896,132,23.835855,38.059562
897,132,23.756182,38.100421
898,132,23.879958,37.989196
899,132,23.840732,38.06554
900,132,23.838595,38.055655
901,132,23.833922,38.025771
903,132,23.73316,38.103962
904,132,23.768535,38.108562
905,132,23.86062,38.007388
906,132,23.730501,37.967627
908,132,23.881453,37.990077
910,132,23.894447,37.909179
911,132,23.840666,38.131733
912,132,23.751547,38.04917
913,132,23.890511,38.248412
914,132,23.767641,38.092162
915,132,23.798883,38.012511
916,132,23.924539,37.885089
917,132,23.759963,38.068072
918,132,23.769732,38.10934
920,132,23.881338,37.989978
921,132,23.843584,38.013675
