863,1320,23.830137,38.11774
865,1320,23.858169,38.002395
866,1320,23.822418,38.03361
867,1320,23.837097,38.029491
870,1320,23.788912,38.001559
870,1320,23.788912,38.001559
872,1320,23.777267,38.040073
874,1320,23.789255,38.024409
876,1320,23.815266,38.041568
879,1320,23.90716,37.868652
882,1320,23.81642,38.086375
883,1320,23.906811,37.868613
884,1320,23.881907,38.002391
885,1320,23.885586,38.003783
887,1320,23.909756,37.87017
888,1320,23.846569,38.143378
892,1320,23.882032,37.932659
893,1320,23.826082,38.139121
895,1320,23.758331,37.8717
896,1320,23.840673,38.131526
897,1320,23.840672,38.131656
898,1320,23.795349,38.000625
899,1320,23.838707,38.129886
900,1320,23.768234,38.104004
901,1320,23.85885,38.001949
903,1320,23.769113,38.106898
905,1320,23.76142,37.986747
906,1320,23.971611,38.010932
908,1320,23.714786,37.956706
910,1320,23.783632,37.998489
912,1320,23.840868,38.131324
913,1320,23.841037,38.131018
915,1320,23.875803,37.996864
916,1320,23.892326,37.918082
917,1320,23.840931,38.131171
920,1320,23.866495,38.001113
