863,1322,23.822857,38.111594
865,1322,23.85804,38.001155
866,1322,23.822369,38.033622
867,1322,23.857548,38.008033
870,1322,23.829864,38.041164
870,1322,23.829864,38.041164
872,1322,23.777236,38.040092
874,1322,23.881219,37.98989
876,1322,23.858154,38.120273
879,1322,23.90691,37.868591
882,1322,23.766382,38.111625
883,1322,23.880786,37.989398
884,1322,23.831625,38.04116
885,1322,23.832539,38.025539
887,1322,23.791024,38.030356
888,1322,23.846979,38.143878
892,1322,23.853079,38.036895
893,1322,23.825892,38.139152
895,1322,23.758331,37.871688
896,1322,23.840474,38.131594
897,1322,23.838461,38.129275
898,1322,23.881247,37.99002
899,1322,23.814531,38.105518
900,1322,23.760176,38.043102
901,1322,23.874687,37.992419
903,1322,23.765194,38.112655
905,1322,23.810455,38.011035
906,1322,23.959702,38.00777
908,1322,23.850962,38.026061
910,1322,23.786053,38.000259
912,1322,23.840587,38.131786
913,1322,23.849926,38.131045
915,1322,23.871582,37.996413
916,1322,23.889507,37.922191
917,1322,23.840922,38.13116
920,1322,23.874875,37.992347
