863,1325,23.825696,38.114246
865,1325,23.867763,37.989704
866,1325,23.847801,38.041831
867,1325,23.835318,38.027171
870,1325,23.788721,38.001571
870,1325,23.788721,38.001571
872,1325,23.781187,38.04454
874,1325,23.881342,37.990115
876,1325,23.840853,38.131301
879,1325,23.875259,38.005034
882,1325,23.786235,38.084556
883,1325,23.880447,37.98912
884,1325,23.832025,38.04148
885,1325,23.832988,38.024836
887,1325,23.836546,38.028766
888,1325,23.840876,38.13132
892,1325,23.857878,38.002444
893,1325,23.847652,38.144633
895,1325,23.904272,37.973743
896,1325,23.8412,38.126693
897,1325,23.829979,38.118587
898,1325,23.796599,38.000732
899,1325,23.814701,38.104606
900,1325,23.838577,38.046088
901,1325,23.979925,37.893672
903,1325,23.763655,38.111983
905,1325,23.795181,38.005283
906,1325,23.941171,38.002143
908,1325,23.849562,38.026512
910,1325,23.898953,37.977946
912,1325,23.836706,38.125553
913,1325,23.848486,38.129512
915,1325,23.867153,37.997661
916,1325,23.897741,37.901584
917,1325,23.830978,38.118732
920,1325,23.820385,38.013553
