863,1328,23.828978,38.117546
865,1328,23.856899,37.997703
866,1328,23.844,38.043998
867,1328,23.834791,38.026698
870,1328,23.941286,38.002059
870,1328,23.941286,38.002059
872,1328,23.782208,38.045302
874,1328,23.881231,37.989974
876,1328,23.856825,38.12738
879,1328,23.881926,37.990523
882,1328,23.786585,38.091136
883,1328,23.83624,38.028327
884,1328,23.832956,38.042079
885,1328,23.84709,38.042064
887,1328,23.835565,38.027495
888,1328,23.849729,38.142867
892,1328,23.823956,38.013713
893,1328,23.715843,38.009246
895,1328,23.905502,37.970825
896,1328,23.844801,38.127044
897,1328,23.840948,38.130851
898,1328,23.794037,38.002921
899,1328,23.812191,38.103274
900,1328,23.816538,38.105731
901,1328,23.866902,37.997738
903,1328,23.760893,38.110942
905,1328,23.810845,38.011134
906,1328,23.862409,38.011432
908,1328,23.846992,38.027553
910,1328,23.907314,37.868648
912,1328,23.837917,38.128234
913,1328,23.837858,38.126044
915,1328,23.857933,38.0032
916,1328,23.884035,37.930973
917,1328,23.84106,38.130989
920,1328,23.881262,37.99018
