863,133,23.836626,38.141361
862,133,23.881204,37.99023
864,133,23.842014,38.010772
865,133,23.881409,37.991092
866,133,23.844017,38.028605
867,133,23.873781,37.991233
869,133,23.859556,38.131748
870,133,23.818443,38.013099
870,133,23.818443,38.013099
872,133,23.840617,38.1314
873,133,23.85762,38.031497
874,133,23.77564,38.004432
875,133,23.874476,38.004375
876,133,23.840952,38.131107
878,133,23.839394,38.131282
879,133,23.885019,37.929801
880,133,23.857714,38.131358
882,133,23.779231,38.07582
883,133,23.872574,37.951415
884,133,23.858478,38.007251
885,133,23.858209,38.007655
887,133,23.848272,38.026889
888,133,23.712068,38.010234
889,133,23.872324,38.229812
891,133,23.858288,38.006694
892,133,23.895432,37.90314
893,133,23.713131,38.009597
894,133,23.85434,38.035868
895,133,23.881546,37.990379
896,133,23.836207,38.058784
897,133,23.757202,38.10186
898,133,23.884487,38.003376
899,133,23.814747,38.105548
900,133,23.807264,38.101161
901,133,23.781889,38.028312
903,133,23.768985,38.107646
904,133,23.768535,38.108611
905,133,23.851909,38.028052
906,133,23.72862,37.966178
908,133,23.809061,38.018283
910,133,23.793567,38.004256
911,133,23.840206,38.131263
912,133,23.753487,38.048419
913,133,23.819855,38.090426
914,133,23.786173,38.08446
915,133,23.797292,38.012752
916,133,23.877287,37.95325
917,133,23.840135,38.131797
918,133,23.769562,38.10937
920,133,23.855726,38.007251
921,133,23.843544,38.013294
