863,1330,23.757959,38.068023
865,1330,23.852721,37.998321
866,1330,23.841841,38.045138
867,1330,23.833547,38.025062
870,1330,23.788511,38.001559
870,1330,23.788511,38.001559
872,1330,23.783527,38.043502
874,1330,23.8804,37.989131
876,1330,23.858425,38.13045
879,1330,23.881965,37.990554
882,1330,23.766422,38.112704
883,1330,23.8388,38.027556
884,1330,23.852457,37.991317
885,1330,23.811176,38.011188
887,1330,23.833675,38.025393
888,1330,23.848749,38.142276
892,1330,23.881083,37.98991
893,1330,23.715584,38.009135
895,1330,23.759932,37.868019
896,1330,23.84778,38.129092
897,1330,23.82386,38.113631
898,1330,23.793577,38.003299
899,1330,23.770321,38.09822
900,1330,23.781103,38.051387
901,1330,23.871977,37.989868
903,1330,23.758802,38.104381
905,1330,23.884741,38.00352
906,1330,23.86256,38.011581
908,1330,23.940437,37.890029
910,1330,23.890963,37.983206
912,1330,23.836076,38.124415
913,1330,23.838688,38.129585
915,1330,23.857983,38.00526
916,1330,23.883076,37.933143
917,1330,23.841151,38.130909
920,1330,23.871937,37.989844
