863,1331,23.831167,38.118865
865,1331,23.85264,37.998999
866,1331,23.88081,37.995841
867,1331,23.893604,37.981314
870,1331,23.896063,37.902587
870,1331,23.896063,37.902587
872,1331,23.786207,38.042491
874,1331,23.881222,37.989913
876,1331,23.839212,38.130893
879,1331,23.867708,38.005893
882,1331,23.81855,38.089034
883,1331,23.822912,38.032516
884,1331,23.835057,38.042041
885,1331,23.884808,38.003654
887,1331,23.871168,38.011882
888,1331,23.848749,38.142196
892,1331,23.848268,38.041545
893,1331,23.845421,38.139625
895,1331,23.905853,37.967956
896,1331,23.840292,38.131655
897,1331,23.823129,38.111583
898,1331,23.882027,37.990551
899,1331,23.80694,38.101146
900,1331,23.761227,38.042324
901,1331,23.881132,37.989775
903,1331,23.756801,38.101303
905,1331,23.794431,38.004752
906,1331,23.924383,37.997623
908,1331,23.82139,38.034564
910,1331,23.908094,37.868709
912,1331,23.840708,38.131504
913,1331,23.840598,38.131805
915,1331,23.858022,38.0055
916,1331,23.894331,37.906173
917,1331,23.839918,38.131873
920,1331,23.866894,37.997676
