863,1334,23.834097,38.121944
865,1334,23.8505,37.998199
866,1334,23.840341,38.046089
867,1334,24.006746,38.143539
870,1334,23.87556,37.993411
870,1334,23.87556,37.993411
872,1334,23.788656,38.046172
874,1334,23.881361,37.990142
876,1334,23.859255,38.131602
879,1334,23.882057,37.991256
882,1334,23.8194,38.089774
883,1334,23.822762,38.032707
884,1334,23.837807,38.039752
885,1334,23.813887,38.011818
887,1334,23.831025,38.023792
888,1334,23.84828,38.141978
892,1334,23.864978,37.998774
893,1334,23.845011,38.138435
895,1334,23.906303,37.965686
896,1334,23.855839,38.130984
897,1334,23.809542,38.102123
898,1334,23.901072,38.015788
899,1334,23.801081,38.098835
900,1334,23.836428,38.044498
901,1334,23.869867,37.990749
903,1334,23.761541,38.098892
905,1334,23.812185,38.011443
906,1334,23.863739,38.01123
908,1334,23.934387,37.889499
910,1334,23.909034,37.8689
912,1334,23.830767,38.118766
913,1334,23.841058,38.130935
915,1334,23.858193,38.006202
916,1334,23.887625,37.933273
917,1334,23.841019,38.131011
920,1334,23.869976,37.990806
