863,1336,23.749708,38.06203
865,1336,23.849149,37.997528
866,1336,23.839881,38.04644
867,1336,23.832628,38.025122
870,1336,23.899353,37.901367
870,1336,23.899353,37.901367
872,1336,23.787716,38.046642
874,1336,23.876631,37.991203
876,1336,23.858335,38.131484
879,1336,23.881508,37.993248
882,1336,23.766071,38.112235
883,1336,23.84416,38.025909
884,1336,23.859848,37.988116
885,1336,23.85107,38.039004
887,1336,23.827597,38.02307
888,1336,23.8481,38.141921
892,1336,23.845148,38.043246
893,1336,23.714033,38.009276
895,1336,23.906773,37.964305
896,1336,23.858869,38.131564
897,1336,23.797851,38.097553
898,1336,23.793707,38.004119
899,1336,23.7751,38.100543
900,1336,23.758796,38.064532
901,1336,23.962736,37.895591
903,1336,23.765151,38.097762
905,1336,23.887171,38.003902
906,1336,23.881988,37.990566
908,1336,23.843413,38.027491
910,1336,23.883302,37.987659
912,1336,23.828716,38.117297
913,1336,23.84104,38.130965
915,1336,23.858211,38.006274
916,1336,23.889965,37.934142
917,1336,23.84108,38.13089
920,1336,23.811884,38.011463
