863,1341,23.756279,38.060081
865,1341,23.866965,37.984889
866,1341,23.880779,38.003311
867,1341,23.881898,37.990558
870,1341,23.903453,37.900664
870,1341,23.903453,37.900664
872,1341,23.840713,38.131538
874,1341,23.875212,37.992233
876,1341,23.828952,38.117522
879,1341,23.865328,37.998645
882,1341,23.765202,38.112666
883,1341,23.84893,38.024375
884,1341,23.900488,38.003021
885,1341,23.837189,38.028133
887,1341,23.820436,38.021911
888,1341,23.846897,38.142238
892,1341,23.894793,37.913554
893,1341,23.840618,38.131698
895,1341,23.766721,37.853988
896,1341,23.856101,38.129524
897,1341,23.841037,38.131153
898,1341,23.901421,38.012347
899,1341,23.827036,38.112655
900,1341,23.823496,38.19659
901,1341,23.881041,37.989738
903,1341,23.7737,38.099734
905,1341,23.847219,38.020996
906,1341,23.902433,38.002834
908,1341,23.925507,37.886298
910,1341,23.792161,38.003158
912,1341,23.840995,38.13095
913,1341,23.840608,38.131568
915,1341,23.858601,38.007457
916,1341,23.883743,37.925811
917,1341,23.839771,38.1319
920,1341,23.872492,37.994964
