863,1343,23.764059,38.059619
865,1343,23.867794,37.982059
866,1343,23.880779,38.003562
867,1343,23.901745,37.976054
870,1343,23.953625,38.00553
870,1343,23.953625,38.00553
872,1343,23.840713,38.131557
874,1343,23.715814,37.957133
876,1343,23.824723,38.114062
879,1343,23.865778,37.998313
882,1343,23.790262,38.091884
883,1343,23.8477,38.022044
884,1343,23.844807,38.034564
885,1343,23.884487,38.001891
887,1343,23.872539,38.004969
888,1343,23.847188,38.141929
892,1343,23.869928,37.996066
893,1343,23.840868,38.131358
895,1343,23.779751,38.009833
896,1343,23.854501,38.129241
897,1343,23.840578,38.131873
898,1343,23.898602,38.011886
899,1343,23.789682,38.089942
900,1343,23.757906,38.063434
901,1343,23.870267,37.995758
903,1343,23.77691,38.100943
905,1343,23.793981,38.004451
906,1343,23.862389,38.007011
908,1343,23.839031,38.028965
910,1343,23.911566,37.868018
912,1343,23.841125,38.130938
913,1343,23.840488,38.131839
915,1343,23.85922,38.007389
916,1343,23.885063,37.929839
917,1343,23.838742,38.13005
920,1343,23.870285,37.995776
