863,1346,23.840706,38.131378
865,1346,23.844659,37.997047
866,1346,23.849501,38.052451
867,1346,24.001705,38.146857
870,1346,23.907444,37.898223
870,1346,23.907444,37.898223
872,1346,23.840223,38.132815
874,1346,23.804233,38.018291
876,1346,23.818022,38.106673
879,1346,23.883377,38.00228
882,1346,23.791791,38.092803
883,1346,23.870222,37.99554
884,1346,23.847347,38.033393
885,1346,23.818827,38.013064
887,1346,23.873209,38.004821
888,1346,23.847017,38.142078
892,1346,23.834255,38.013053
893,1346,23.704434,38.01472
895,1346,23.778921,38.008914
896,1346,23.856001,38.129508
897,1346,23.775683,38.091765
898,1346,23.805746,38.009097
899,1346,23.786462,38.085761
900,1346,23.781304,38.045036
901,1346,23.870267,37.995768
903,1346,23.780961,38.101012
905,1346,23.819586,38.013324
906,1346,23.859808,38.007689
908,1346,23.837221,38.029705
910,1346,23.822573,38.03321
912,1346,23.841135,38.1309
913,1346,23.83547,38.123409
915,1346,23.857031,38.008117
916,1346,23.897995,37.95093
917,1346,23.834861,38.12276
920,1346,23.805902,38.009261
