863,1347,23.774679,38.055457
865,1347,23.864384,37.977028
866,1347,23.880958,38.003703
867,1347,23.831428,38.02605
870,1347,23.826555,38.042621
870,1347,23.826555,38.042621
872,1347,23.841334,38.134955
874,1347,23.804344,38.01829
876,1347,23.813362,38.103595
879,1347,23.873398,37.993801
882,1347,23.765022,38.112849
883,1347,23.846291,38.018077
884,1347,23.910558,38.00249
885,1347,23.883118,38.002143
887,1347,23.814928,38.020641
888,1347,23.846958,38.142115
892,1347,23.872069,37.995326
893,1347,23.840957,38.131248
895,1347,23.769283,37.847316
896,1347,23.857552,38.129657
897,1347,23.838338,38.129161
898,1347,23.894682,38.011268
899,1347,23.826024,38.108702
900,1347,23.824246,38.19691
901,1347,23.881391,37.990047
903,1347,23.784632,38.103011
905,1347,23.849569,38.020644
906,1347,23.898813,38.003264
908,1347,23.922077,37.888408
910,1347,23.910835,37.867179
912,1347,23.815447,38.105571
913,1347,23.784908,38.009288
915,1347,23.854832,38.008819
916,1347,23.877842,37.936733
917,1347,23.831751,38.11959
920,1347,23.869755,37.996158
