863,135,23.816584,38.103026
862,135,23.881115,37.99031
864,135,23.849139,38.026634
865,135,23.873242,37.995463
866,135,23.871836,38.005237
867,135,23.852596,37.998649
869,135,23.854987,38.130885
870,135,23.810602,38.01118
870,135,23.810602,38.01118
872,135,23.733478,38.104808
873,135,23.85659,38.031841
874,135,23.77569,38.004352
875,135,23.876406,38.003875
876,135,23.840349,38.131843
878,135,23.838304,38.129051
879,135,23.883749,37.926009
880,135,23.859124,38.131579
882,135,23.778739,38.074611
883,135,23.875716,37.991817
884,135,23.860369,38.007293
885,135,23.900792,38.016059
887,135,23.845522,38.02838
888,135,23.709918,38.011111
889,135,23.826343,38.066493
891,135,23.858318,38.006694
892,135,23.917057,37.892475
893,135,23.815098,38.103805
894,135,23.880743,38.003318
895,135,23.881498,37.990184
896,135,23.837807,38.058555
897,135,23.760603,38.107009
898,135,23.885236,38.003536
899,135,23.814747,38.104617
900,135,23.839054,38.053874
901,135,23.79734,38.017352
903,135,23.769396,38.107615
904,135,23.766714,38.113932
905,135,23.860891,38.008751
906,135,23.72419,37.962741
908,135,23.807791,38.018802
910,135,23.793098,38.003875
911,135,23.838936,38.130351
912,135,23.754877,38.04798
913,135,23.819444,38.089946
914,135,23.786173,38.084552
915,135,23.794764,38.01091
916,135,23.872247,37.952182
917,135,23.759924,38.066512
918,135,23.76861,38.108806
920,135,23.855283,38.008693
921,135,23.843544,38.013294
