863,1350,23.782407,38.046859
865,1350,23.861774,37.973605
866,1350,23.854502,38.053051
867,1350,23.826661,38.022948
870,1350,23.783552,37.998576
870,1350,23.783552,37.998576
872,1350,23.840996,38.131061
874,1350,23.810664,38.01955
876,1350,23.854496,38.130721
879,1350,23.884638,38.002551
882,1350,23.840242,38.131534
883,1350,23.868951,37.99662
884,1350,23.914059,37.999721
885,1350,23.842227,38.025966
887,1350,23.814147,38.020499
888,1350,23.841016,38.131202
892,1350,23.838215,38.011691
893,1350,23.695885,38.019119
895,1350,23.824614,38.031176
896,1350,23.85849,38.131549
897,1350,23.769463,38.092227
898,1350,23.894041,38.010886
899,1350,23.825966,38.106464
900,1350,23.809438,38.107673
901,1350,23.869037,37.996539
903,1350,23.789971,38.113349
905,1350,23.767,37.987655
906,1350,23.894252,38.004096
908,1350,23.835722,38.027732
910,1350,23.822462,38.033301
912,1350,23.814417,38.10546
913,1350,23.829182,38.116988
915,1350,23.845851,38.010424
916,1350,23.900296,37.955561
917,1350,23.84059,38.131786
920,1350,23.802513,38.00788
