863,1351,23.781779,38.046329
865,1351,23.862394,37.972415
866,1351,23.887219,38.003921
867,1351,23.998785,38.148776
870,1351,23.911974,37.895675
870,1351,23.911974,37.895675
872,1351,23.841095,38.130919
874,1351,23.812803,38.02008
876,1351,23.802652,38.099364
879,1351,23.880247,37.988998
882,1351,23.825531,38.101116
883,1351,23.849802,38.015148
884,1351,23.872768,37.990127
885,1351,23.818906,38.013095
887,1351,23.788713,38.031746
888,1351,23.847208,38.141769
892,1351,23.875078,37.992195
893,1351,23.753423,38.058093
895,1351,23.770193,37.845066
896,1351,23.85573,38.131018
897,1351,23.833469,38.121402
898,1351,23.880123,37.989032
899,1351,23.788553,38.105464
900,1351,23.822702,38.040931
901,1351,23.930285,37.889541
903,1351,23.789399,38.117598
905,1351,23.872641,37.904166
906,1351,23.882488,37.999366
908,1351,23.914087,37.894397
910,1351,23.910776,37.866729
912,1351,23.744369,38.051631
913,1351,23.840927,38.131252
915,1351,23.844192,38.010604
916,1351,23.870191,37.943412
917,1351,23.82967,38.116989
920,1351,23.867004,37.997668
