863,1352,23.780758,38.046187
865,1352,23.862384,37.970394
866,1352,23.855381,38.05455
867,1352,23.830109,38.02687
870,1352,23.824066,38.0414
870,1352,23.824066,38.0414
872,1352,23.845384,38.138873
874,1352,23.875082,37.992282
876,1352,23.850676,38.129863
879,1352,23.884468,38.003371
882,1352,23.79664,38.097144
883,1352,23.865652,37.998451
884,1352,23.853836,38.030384
885,1352,23.882698,38.001655
887,1352,23.87472,38.004321
888,1352,23.847908,38.141608
892,1352,23.880472,37.989268
893,1352,23.696035,38.01971
895,1352,23.900411,37.956595
896,1352,23.85173,38.130187
897,1352,23.767634,38.092109
898,1352,23.806276,38.009368
899,1352,23.780413,38.078528
900,1352,23.778722,38.042464
901,1352,23.866068,37.99821
903,1352,23.791151,38.120608
905,1352,23.823276,38.013682
906,1352,23.857656,38.008151
908,1352,23.834321,38.02637
910,1352,23.795023,38.005206
912,1352,23.812967,38.104442
913,1352,23.783239,38.009796
915,1352,23.843983,38.010673
916,1352,23.900375,37.957202
917,1352,23.839809,38.131896
920,1352,23.880543,37.989276
