863,1353,23.779728,38.045329
865,1353,23.862465,37.968505
866,1353,23.889729,38.004322
867,1353,23.905624,37.969031
870,1353,23.961414,38.007979
870,1353,23.961414,38.007979
872,1353,23.845415,38.138991
874,1353,23.815174,38.020568
876,1353,23.797293,38.097305
879,1353,23.880997,37.989727
882,1353,23.840522,38.131835
883,1353,23.849142,38.011989
884,1353,23.920127,37.998191
885,1353,23.823268,38.032527
887,1353,23.812057,38.020038
888,1353,23.840997,38.131083
892,1353,23.840097,38.046188
893,1353,23.754383,38.059444
895,1353,23.777801,38.007762
896,1353,23.847999,38.129248
897,1353,23.830161,38.118003
898,1353,23.89154,38.010345
899,1353,23.826065,38.104522
900,1353,23.824597,38.197109
901,1353,23.926356,37.88734
903,1353,23.793202,38.124167
905,1353,23.85134,38.018966
906,1353,23.889933,38.004397
908,1353,23.909276,37.897467
910,1353,23.881382,37.990066
912,1353,23.745889,38.055362
913,1353,23.829293,38.116508
915,1353,23.842992,38.010863
916,1353,23.865892,37.946563
917,1353,23.83169,38.11856
920,1353,23.881783,37.988139
