863,1354,23.781408,38.044738
865,1354,23.863714,37.966384
866,1354,23.857341,38.05656
867,1354,23.855818,38.005245
870,1354,23.870901,37.996333
870,1354,23.870901,37.996333
872,1354,23.841064,38.130908
874,1354,23.875763,37.99372
876,1354,23.847296,38.128741
879,1354,23.885479,38.003593
882,1354,23.84111,38.131003
883,1354,23.861702,38.000141
884,1354,23.874528,37.992248
885,1354,23.853332,38.029255
887,1354,23.788053,38.032016
888,1354,23.841097,38.130954
892,1354,23.895462,37.903026
893,1354,23.696845,38.01998
895,1354,23.824703,38.031177
896,1354,23.844509,38.126948
897,1354,23.769203,38.093429
898,1354,23.879023,37.989643
899,1354,23.789293,38.105365
900,1354,23.831349,38.040816
901,1354,23.862907,37.999641
903,1354,23.794552,38.126468
905,1354,23.898821,38.003223
906,1354,23.882248,38.001186
908,1354,23.833132,38.024939
910,1354,23.821663,38.034011
912,1354,23.811827,38.104201
913,1354,23.840887,38.131263
915,1354,23.841432,38.011023
916,1354,23.900595,37.959182
917,1354,23.839069,38.130668
920,1354,23.802224,38.007763
