863,1355,23.782389,38.044146
865,1355,23.863934,37.965423
866,1355,23.892628,38.004322
867,1355,23.822492,38.022159
870,1355,23.783482,37.998557
870,1355,23.783482,37.998557
872,1355,23.845415,38.139003
874,1355,23.716085,37.957252
876,1355,23.793662,38.094973
879,1355,23.881286,37.990107
882,1355,23.82575,38.103095
883,1355,23.848902,38.010398
884,1355,23.854375,38.030112
885,1355,23.843408,38.026237
887,1355,23.876471,38.003902
888,1355,23.841088,38.130943
892,1355,23.843025,38.010661
893,1355,23.755082,38.060344
895,1355,23.770193,37.845054
896,1355,23.841,38.126739
897,1355,23.827009,38.114902
898,1355,23.806926,38.0097
899,1355,23.779614,38.077358
900,1355,23.755537,38.058601
901,1355,23.925366,37.886409
903,1355,23.796242,38.123416
905,1355,23.792862,38.003601
906,1355,23.857656,38.008151
908,1355,23.905296,37.900668
910,1355,23.910776,37.866729
912,1355,23.74811,38.0596
913,1355,23.78323,38.009807
915,1355,23.839822,38.011294
916,1355,23.863802,37.948642
917,1355,23.833919,38.118289
920,1355,23.863763,37.999308
