863,1357,23.784319,38.043006
865,1357,23.864153,37.961333
866,1357,23.897768,38.00341
867,1357,23.828888,38.027709
870,1357,23.822096,38.040401
870,1357,23.822096,38.040401
872,1357,23.845514,38.139521
874,1357,23.875923,37.996509
876,1357,23.791753,38.092563
879,1357,23.881346,37.989997
882,1357,23.841043,38.131026
883,1357,23.848701,38.009959
884,1357,23.874988,37.99221
885,1357,23.882347,38.001655
887,1357,23.787294,38.032367
888,1357,23.841078,38.131145
892,1357,23.879593,37.98933
893,1357,23.757053,38.062385
895,1357,23.777401,38.007281
896,1357,23.83783,38.127941
897,1357,23.82371,38.111621
898,1357,23.876703,37.991153
899,1357,23.791893,38.106593
900,1357,23.824772,38.041931
901,1357,23.881272,37.990039
903,1357,23.800602,38.115577
905,1357,23.872561,37.902488
906,1357,23.883367,38.001537
908,1357,23.899397,37.901428
910,1357,23.821793,38.033893
912,1357,23.750829,38.063812
913,1357,23.78273,38.009906
915,1357,23.838234,38.011985
916,1357,23.862412,37.950851
917,1357,23.83504,38.11761
920,1357,23.880987,37.989776
