863,1358,23.841034,38.130958
865,1358,23.863052,37.958995
866,1358,23.85914,38.059409
867,1358,23.906164,37.96646
870,1358,23.965485,38.00859
870,1358,23.965485,38.00859
872,1358,23.754856,38.063953
874,1358,23.716285,37.956981
876,1358,23.841415,38.126761
879,1358,23.89325,38.004203
882,1358,23.84103,38.131103
883,1358,23.857961,38.005168
884,1358,23.854286,38.029891
885,1358,23.851082,38.026996
887,1358,23.87685,38.003821
888,1358,23.840988,38.131213
892,1358,23.840097,38.046199
893,1358,23.698075,38.019981
895,1358,23.771253,37.842742
896,1358,23.8396,38.131629
897,1358,23.769973,38.09626
898,1358,23.808046,38.010269
899,1358,23.780624,38.077758
900,1358,23.778112,38.041915
901,1358,23.923475,37.887278
903,1358,23.803032,38.111205
905,1358,23.827587,38.013855
906,1358,23.857456,38.007812
908,1358,23.832142,38.025389
910,1358,23.911896,37.866767
912,1358,23.809407,38.104072
913,1358,23.827263,38.113097
915,1358,23.837604,38.012305
916,1358,23.900515,37.962764
917,1358,23.83591,38.124068
920,1358,23.885803,37.986278
