863,1361,23.840845,38.131328
865,1361,23.861601,37.956424
866,1361,23.908718,38.00254
867,1361,23.997454,38.152297
870,1361,23.919414,37.891094
870,1361,23.919414,37.891094
872,1361,23.845565,38.142161
874,1361,23.715925,37.956512
876,1361,23.786374,38.085636
879,1361,23.90324,38.002723
882,1361,23.840924,38.130908
883,1361,23.844461,38.01052
884,1361,23.855547,38.028602
885,1361,23.882397,38.000743
887,1361,23.877929,38.003791
888,1361,23.839178,38.130702
892,1361,23.880108,37.989025
893,1361,23.757814,38.063323
895,1361,23.77672,38.00645
896,1361,23.84095,38.131118
897,1361,23.817299,38.10477
898,1361,23.808237,38.010348
899,1361,23.782394,38.079806
900,1361,23.824476,38.197047
901,1361,23.920935,37.889789
903,1361,23.807074,38.107356
905,1361,23.792192,38.003009
906,1361,23.858736,38.007502
908,1361,23.895116,37.903511
910,1361,23.806843,38.00957
912,1361,23.761459,38.069202
913,1361,23.825863,38.110797
915,1361,23.835105,38.013137
916,1361,23.859901,37.954268
917,1361,23.837288,38.115157
920,1361,23.881195,37.989974
