863,1366,23.787579,38.046577
865,1366,23.84474,37.997107
866,1366,23.86095,38.060866
867,1366,23.905594,37.963981
870,1366,23.922273,37.888133
870,1366,23.922273,37.888133
872,1366,23.855285,38.1529
874,1366,23.875753,37.999106
876,1366,23.838867,38.130042
879,1366,23.881237,37.990008
882,1366,23.840691,38.131526
883,1366,23.858313,38.006698
884,1366,23.881319,37.990138
885,1366,23.848741,38.023864
887,1366,23.786795,38.031985
888,1366,23.828999,38.117263
892,1366,23.881477,37.990314
893,1366,23.841088,38.130969
895,1366,23.774543,37.840442
896,1366,23.840659,38.131507
897,1366,23.757314,38.100101
898,1366,23.875883,37.996779
899,1366,23.803421,38.10689
900,1366,23.777802,38.041656
901,1366,23.878942,37.989665
903,1366,23.815155,38.105578
905,1366,23.854549,38.011874
906,1366,23.884767,38.002189
908,1366,23.891687,37.918959
910,1366,23.914064,37.867118
912,1366,23.786499,38.085281
913,1366,23.780521,38.010127
915,1366,23.831135,38.013945
916,1366,23.906054,37.967543
917,1366,23.839127,38.113189
920,1366,23.857895,38.003032
