863,1367,23.840935,38.130927
865,1367,23.84519,37.996818
866,1367,23.922949,37.997669
867,1367,23.860567,38.000685
870,1367,23.820285,38.040389
870,1367,23.820285,38.040389
872,1367,23.757668,38.06351
874,1367,23.715164,37.955654
876,1367,23.779644,38.077274
879,1367,23.90736,37.868659
882,1367,23.82589,38.110115
883,1367,23.852001,38.006801
884,1367,23.859528,38.02592
885,1367,23.849108,38.024871
887,1367,23.87952,38.003791
888,1367,23.826288,38.114593
892,1367,23.875162,37.992198
893,1367,23.697804,38.02027
895,1367,23.897671,37.950405
896,1367,23.840618,38.131495
897,1367,23.756285,38.100509
898,1367,23.809678,38.01097
899,1367,23.785755,38.084228
900,1367,23.761578,38.042011
901,1367,23.913166,37.895007
903,1367,23.818615,38.107509
905,1367,23.792072,38.002899
906,1367,23.861856,38.005657
908,1367,23.888117,37.922408
910,1367,23.819594,38.013309
912,1367,23.787378,38.087162
913,1367,23.828821,38.109294
915,1367,23.845137,38.018611
916,1367,23.856632,37.959159
917,1367,23.83143,38.118495
920,1367,23.881176,37.990066
