863,1369,23.787368,38.046557
865,1369,23.849772,37.997714
866,1369,23.928819,37.997939
867,1369,24.000273,38.157687
870,1369,23.869232,37.996391
870,1369,23.869232,37.996391
872,1369,23.758948,38.064899
874,1369,23.714704,37.955505
876,1369,23.780974,38.078113
879,1369,23.908929,37.868908
882,1369,23.840671,38.131538
883,1369,23.852381,38.005401
884,1369,23.881379,37.990127
885,1369,23.880416,37.999163
887,1369,23.786795,38.031997
888,1369,23.821199,38.109855
892,1369,23.910841,37.896384
893,1369,23.846299,38.143016
895,1369,23.777214,37.837821
896,1369,23.83989,38.131927
897,1369,23.757324,38.102138
898,1369,23.874652,37.995669
899,1369,23.805502,38.106792
900,1369,23.830589,38.04021
901,1369,23.876473,37.991275
903,1369,23.825486,38.114158
905,1369,23.87306,37.899928
906,1369,23.884536,38.003337
908,1369,23.885916,37.928348
910,1369,23.824454,38.013771
912,1369,23.790678,38.091411
913,1369,23.780481,38.010128
915,1369,23.829765,38.014087
916,1369,23.854961,37.961811
917,1369,23.840146,38.112098
920,1369,23.795643,38.005691
