863,1372,23.840824,38.130889
865,1372,23.852672,37.998126
866,1372,23.860581,38.060798
867,1372,23.81961,38.021586
870,1372,23.820005,38.04045
870,1372,23.820005,38.04045
872,1372,23.856367,38.162605
874,1372,23.829016,38.023337
876,1372,23.841007,38.130931
879,1372,23.909839,37.868766
882,1372,23.82865,38.114345
883,1372,23.858421,38.007102
884,1372,23.881438,37.990138
885,1372,23.830748,38.013751
887,1372,23.88059,38.002441
888,1372,23.814689,38.104785
892,1372,23.874092,37.991557
893,1372,23.760146,38.068145
895,1372,23.779934,37.836342
896,1372,23.835519,38.123527
897,1372,23.810356,38.098079
898,1372,23.873123,37.995632
899,1372,23.807102,38.106502
900,1372,23.824821,38.042319
901,1372,23.874592,37.992156
903,1372,23.834086,38.122169
905,1372,23.909741,38.002521
906,1372,23.884527,38.003356
908,1372,23.883717,37.934226
910,1372,23.828323,38.013893
912,1372,23.793768,38.09531
913,1372,23.832392,38.106574
915,1372,23.828966,38.014087
916,1372,23.900906,37.976653
917,1372,23.841077,38.11108
920,1372,23.880676,37.989455
