863,1373,23.840864,38.130859
865,1373,23.855383,37.997886
866,1373,23.939718,38.001667
867,1373,24.003403,38.158557
870,1373,23.975883,38.013717
870,1373,23.975883,38.013717
872,1373,23.760126,38.068401
874,1373,23.713153,37.955284
876,1373,23.784862,38.083061
879,1373,23.90972,37.869018
882,1373,23.821289,38.110023
883,1373,23.85326,38.002659
884,1373,23.860017,38.021289
885,1373,23.880358,37.997444
887,1373,23.796549,38.017662
888,1373,23.812629,38.103454
892,1373,23.839767,38.046458
893,1373,23.844559,38.140956
895,1373,23.894821,37.944637
896,1373,23.83219,38.120078
897,1373,23.760685,38.107657
898,1373,23.810896,38.011222
899,1373,23.786136,38.084438
900,1373,23.777802,38.041644
901,1373,23.904865,37.90063
903,1373,23.837225,38.127109
905,1373,23.791631,38.002547
906,1373,23.861765,38.001556
908,1373,23.823061,38.032798
910,1373,23.914223,37.867179
912,1373,23.796687,38.097228
913,1373,23.845436,38.139186
915,1373,23.828146,38.014137
916,1373,23.853281,37.968379
917,1373,23.83534,38.117312
920,1373,23.900824,37.976726
