863,1375,23.840613,38.131728
865,1375,23.858063,37.998626
866,1375,23.942608,38.002517
867,1375,23.868757,37.996616
870,1375,23.777441,37.994441
870,1375,23.777441,37.994441
872,1375,23.764095,38.07019
874,1375,23.712713,37.954643
876,1375,23.785952,38.084491
879,1375,23.753815,37.979957
882,1375,23.8237,38.113933
883,1375,23.85326,38.002639
884,1375,23.860157,38.016868
885,1375,23.849077,38.024612
887,1375,23.796509,38.017672
888,1375,23.801849,38.099113
892,1375,23.855465,38.006183
893,1375,23.845428,38.139648
895,1375,23.774,38.002918
896,1375,23.82869,38.117229
897,1375,23.760854,38.110549
898,1375,23.870434,37.996062
899,1375,23.808681,38.106182
900,1375,23.8286,38.03873
901,1375,23.873013,37.990135
903,1375,23.840736,38.131419
905,1375,23.87373,37.899097
906,1375,23.885617,38.003634
908,1375,23.822811,38.033008
910,1375,23.836143,38.012622
912,1375,23.806088,38.10091
913,1375,23.834732,38.104476
915,1375,23.827597,38.014118
916,1375,23.85346,37.972778
917,1375,23.841148,38.110537
920,1375,23.858293,38.006683
