863,1378,23.838692,38.12976
865,1378,23.860014,38.001098
866,1378,23.822088,38.033511
867,1378,23.900573,37.959041
870,1378,23.976633,38.014285
870,1378,23.976633,38.014285
872,1378,23.855106,38.174193
874,1378,23.830485,38.023616
876,1378,23.816145,38.041839
879,1378,23.9097,37.86901
882,1378,23.840641,38.131606
883,1378,23.86035,38.007224
884,1378,23.959366,38.007976
885,1378,23.843842,38.014644
887,1378,23.787054,38.032207
888,1378,23.791559,38.092323
892,1378,23.839197,38.046539
893,1378,23.841066,38.131011
895,1378,23.880007,37.989101
896,1378,23.821838,38.110667
897,1378,23.810755,38.097389
898,1378,23.870274,37.996013
899,1378,23.786566,38.084598
900,1378,23.824631,38.042331
901,1378,23.871052,37.990024
903,1378,23.768471,38.108802
905,1378,23.855049,38.008384
906,1378,23.881887,37.990875
908,1378,23.890606,37.935356
910,1378,23.823193,38.032626
912,1378,23.814786,38.105621
913,1378,23.834651,38.103114
915,1378,23.826606,38.014037
916,1378,23.889725,37.984043
917,1378,23.841658,38.110526
920,1378,23.791224,38.002421
