863,1386,23.823504,38.111393
865,1386,23.873245,37.994166
866,1386,23.950676,38.017345
867,1386,24.010564,38.161269
870,1386,23.928474,37.886131
870,1386,23.928474,37.886131
872,1386,23.852646,38.184783
874,1386,23.831825,38.024047
876,1386,23.840708,38.131511
879,1386,23.753876,37.979774
882,1386,23.835409,38.123253
883,1386,23.860437,38.019812
884,1386,23.950655,38.017147
885,1386,23.830099,38.026797
887,1386,23.795128,38.017375
888,1386,23.775959,38.075263
892,1386,23.856966,38.002822
893,1386,23.790895,38.091125
895,1386,23.876036,37.99158
896,1386,23.795567,38.096625
897,1386,23.765075,38.111942
898,1386,23.88141,38.00378
899,1386,23.820995,38.091144
900,1386,23.824611,38.042331
901,1386,23.854759,38.011554
903,1386,23.840738,38.131709
905,1386,23.790852,38.002239
906,1386,23.881738,37.990806
908,1386,23.900397,37.957381
910,1386,23.856592,38.008102
912,1386,23.836527,38.125392
913,1386,23.789482,38.022949
915,1386,23.820823,38.013736
916,1386,23.879873,37.989161
917,1386,23.845836,38.13938
920,1386,23.790524,38.002272
