863,1387,23.839842,38.131893
865,1387,23.875015,37.992206
866,1387,23.950435,38.020133
867,1387,23.822868,38.032771
870,1387,23.818686,38.040183
870,1387,23.818686,38.040183
872,1387,23.790146,38.090259
874,1387,23.876813,38.002758
876,1387,23.807623,38.046546
879,1387,23.909011,37.868907
882,1387,23.83691,38.126067
883,1387,23.860218,38.021064
884,1387,23.857904,38.008433
885,1387,23.843611,38.013572
887,1387,23.793047,38.016155
888,1387,23.77183,38.073593
892,1387,23.872124,37.993834
893,1387,23.84058,38.131888
895,1387,23.769441,37.998458
896,1387,23.793096,38.094467
897,1387,23.763926,38.11177
898,1387,23.861494,38.000202
899,1387,23.823492,38.113647
900,1387,23.777262,38.041213
901,1387,23.870762,37.994732
903,1387,23.840038,38.13187
905,1387,23.78804,38.001319
906,1387,23.893156,38.004207
908,1387,23.82327,38.032554
910,1387,23.920472,37.870337
912,1387,23.838568,38.129611
913,1387,23.829013,38.099224
915,1387,23.820565,38.013724
916,1387,23.8491,37.992672
917,1387,23.849528,38.114368
920,1387,23.858413,38.007182
