863,1389,23.820173,38.108241
865,1389,23.875096,37.992145
866,1389,23.951315,38.025295
867,1389,23.879688,37.989166
870,1389,23.857901,38.003604
870,1389,23.857901,38.003604
872,1389,23.787554,38.046604
874,1389,23.832686,38.024608
876,1389,23.808172,38.048675
879,1389,23.755196,37.981112
882,1389,23.837429,38.127224
883,1389,23.859317,38.027056
884,1389,23.857594,38.008026
885,1389,23.835596,38.012763
887,1389,23.788366,38.013713
888,1389,23.765459,38.071052
892,1389,23.857016,38.002792
893,1389,23.84059,38.131808
895,1389,23.874485,37.992
896,1389,23.791296,38.092128
897,1389,23.761135,38.112194
898,1389,23.881297,37.990131
899,1389,23.827353,38.115806
900,1389,23.749975,38.051124
901,1389,23.85327,38.014755
903,1389,23.838459,38.129169
905,1389,23.836206,38.012592
906,1389,23.881111,38.003722
908,1389,23.900436,37.960903
910,1389,23.830423,38.026637
912,1389,23.840988,38.131221
913,1389,23.789892,38.027167
915,1389,23.820365,38.013652
916,1389,23.84783,37.995212
917,1389,23.848547,38.139442
920,1389,23.906263,37.966067
