863,1391,23.78741,38.046238
865,1391,23.875096,37.992145
866,1391,23.949594,38.028926
867,1391,24.010765,38.161219
870,1391,23.929695,37.887931
870,1391,23.929695,37.887931
872,1391,23.854494,38.188945
874,1391,23.716833,37.95687
876,1391,23.808712,38.049685
879,1391,23.880247,37.989009
882,1391,23.839588,38.131606
883,1391,23.878977,38.008758
884,1391,23.857554,38.008037
885,1391,23.831638,38.025909
887,1391,23.784656,38.010684
888,1391,23.759607,38.068721
892,1391,23.833347,38.04206
893,1391,23.840768,38.131477
895,1391,23.786373,37.833632
896,1391,23.787866,38.091555
897,1391,23.760136,38.106082
898,1391,23.858105,38.002353
899,1391,23.830713,38.118705
900,1391,23.800329,38.116382
901,1391,23.894245,37.914714
903,1391,23.834639,38.122398
905,1391,23.855839,38.005805
906,1391,23.874914,37.992286
908,1391,23.901506,37.962832
910,1391,23.858932,38.007522
912,1391,23.840879,38.130951
913,1391,23.846487,38.142806
915,1391,23.816875,38.012722
916,1391,23.847558,37.998523
917,1391,23.840742,38.111404
920,1391,23.858373,38.007171
