863,1393,23.841062,38.134413
865,1393,23.929647,38.032558
866,1393,23.947824,38.032805
867,1393,23.898412,37.951949
870,1393,23.977225,38.015842
870,1393,23.977225,38.015842
872,1393,23.792836,38.093719
874,1393,23.875794,38.003738
876,1393,23.809353,38.050135
879,1393,23.907303,37.868678
882,1393,23.83086,38.118617
883,1393,23.879617,38.007987
884,1393,23.857563,38.007735
885,1393,23.846748,38.017955
887,1393,23.822588,38.033122
888,1393,23.759958,38.067549
892,1393,23.870274,37.995784
893,1393,23.840948,38.131187
895,1393,23.873044,37.99018
896,1393,23.782497,38.091567
897,1393,23.756185,38.100345
898,1393,23.881256,37.990062
899,1393,23.832224,38.119723
900,1393,23.777262,38.041213
901,1393,23.866593,37.997871
903,1393,23.830109,38.118709
905,1393,23.788491,38.00146
906,1393,23.901087,38.002918
908,1393,23.907298,37.96442
910,1393,23.923241,37.874797
912,1393,23.840809,38.131011
913,1393,23.828934,38.096221
915,1393,23.815746,38.012389
916,1393,23.847829,38.001865
917,1393,23.853998,38.111949
920,1393,23.906523,37.965117
