863,1395,23.842512,38.137306
865,1395,23.932588,38.031054
866,1395,23.946933,38.034026
867,1395,23.81702,38.021083
870,1395,23.7674,37.988204
870,1395,23.7674,37.988204
872,1395,23.787043,38.046341
874,1395,23.834465,38.02639
876,1395,23.839878,38.131934
879,1395,23.759136,37.984104
882,1395,23.84071,38.131511
883,1395,23.858097,38.031356
884,1395,23.823087,38.032412
885,1395,23.832498,38.025489
887,1395,23.786134,38.0092
888,1395,23.759918,38.06665
892,1395,23.857155,38.00278
893,1395,23.840957,38.131187
895,1395,23.789663,37.834971
896,1395,23.776527,38.091197
897,1395,23.763015,38.098476
898,1395,23.857965,38.002673
899,1395,23.835374,38.122954
900,1395,23.8228,38.034114
901,1395,23.850451,38.020785
903,1395,23.826849,38.115329
905,1395,23.840786,38.01084
906,1395,23.880732,38.001891
908,1395,23.906347,37.966041
910,1395,23.832613,38.025195
912,1395,23.840858,38.130973
913,1395,23.830245,38.095043
915,1395,23.812277,38.011649
916,1395,23.84708,38.004985
917,1395,23.854738,38.13824
920,1395,23.858043,38.007591
