863,1396,23.815973,38.102573
865,1396,23.933359,38.030365
866,1396,23.946813,38.034168
867,1396,24.011326,38.161209
870,1396,23.930706,37.887999
870,1396,23.930706,37.887999
872,1396,23.796915,38.096988
874,1396,23.875343,38.004088
876,1396,23.809723,38.050678
879,1396,23.906903,37.86856
882,1396,23.762448,38.041228
883,1396,23.879617,38.007987
884,1396,23.855892,38.007224
885,1396,23.843512,38.012431
887,1396,23.822619,38.033084
888,1396,23.759739,38.06591
892,1396,23.868333,37.996986
893,1396,23.814973,38.104277
895,1396,23.886894,37.933589
896,1396,23.774828,38.092357
897,1396,23.765807,38.097587
898,1396,23.815626,38.012313
899,1396,23.840679,38.131405
900,1396,23.749655,38.050792
901,1396,23.863573,37.999362
903,1396,23.824749,38.114078
905,1396,23.856369,38.004676
906,1396,23.906076,38.002548
908,1396,23.831732,38.025863
910,1396,23.92591,37.876518
912,1396,23.812475,38.103938
913,1396,23.796032,38.034278
915,1396,23.812086,38.011619
916,1396,23.867594,37.997375
917,1396,23.856709,38.11082
920,1396,23.871887,37.989924
