863,1397,23.845343,38.138846
865,1397,23.933269,38.029396
866,1397,23.945843,38.035186
867,1397,23.896772,37.948348
870,1397,23.813905,38.043304
870,1397,23.813905,38.043304
872,1397,23.852933,38.197104
874,1397,23.722293,37.961192
876,1397,23.787542,38.085059
879,1397,23.877527,37.990619
882,1397,23.82774,38.115596
883,1397,23.823004,38.032405
884,1397,23.949375,38.029105
885,1397,23.849859,38.017677
887,1397,23.785444,38.009501
888,1397,23.759639,38.065719
892,1397,23.832678,38.04156
893,1397,23.816624,38.105716
895,1397,23.872126,37.98981
896,1397,23.774769,38.092376
897,1397,23.770226,38.096237
898,1397,23.88079,38.002391
899,1397,23.818966,38.089355
900,1397,23.839324,38.131156
901,1397,23.888445,37.922306
903,1397,23.82362,38.113269
905,1397,23.9181,37.998493
906,1397,23.880684,37.989398
908,1397,23.905937,37.968112
910,1397,23.865612,38.006259
912,1397,23.813736,38.10522
913,1397,23.831764,38.093742
915,1397,23.811815,38.011581
916,1397,23.84688,38.006995
917,1397,23.841222,38.110443
920,1397,23.906032,37.964107
