863,1399,23.845432,38.139247
865,1399,23.934441,38.027687
866,1399,23.945114,38.038062
867,1399,23.816631,38.021014
870,1399,23.85849,38.007083
870,1399,23.85849,38.007083
872,1399,23.803304,38.099456
874,1399,23.873703,38.00465
876,1399,23.809994,38.051239
879,1399,23.761137,37.985404
882,1399,23.84102,38.130999
883,1399,23.90714,37.868652
884,1399,23.948155,38.030914
885,1399,23.832838,38.02494
887,1399,23.785244,38.009513
888,1399,23.758549,38.064471
892,1399,23.832628,38.04156
893,1399,23.820873,38.109615
895,1399,23.793573,37.834774
896,1399,23.771758,38.092555
897,1399,23.769014,38.092417
898,1399,23.816776,38.012614
899,1399,23.84026,38.131835
900,1399,23.848803,38.142184
901,1399,23.860243,38.000961
903,1399,23.820249,38.10881
905,1399,23.791281,38.002422
906,1399,23.911087,38.002326
908,1399,23.905446,37.971503
910,1399,23.928861,37.877639
912,1399,23.819126,38.108039
913,1399,23.832724,38.0932
915,1399,23.810535,38.011191
916,1399,23.84853,38.007045
917,1399,23.859198,38.109591
920,1399,23.857085,38.007892
