863,140,23.788095,38.087806
862,140,23.881225,37.989967
864,140,23.840193,38.01105
865,140,23.860208,38.00727
866,140,23.820413,38.013725
867,140,23.867304,37.989406
869,140,23.837446,38.126094
870,140,23.792304,38.003199
870,140,23.792304,38.003199
872,140,23.838196,38.12865
873,140,23.849311,38.04082
874,140,23.778862,38.001326
875,140,23.879696,38.003695
876,140,23.841143,38.130878
878,140,23.841129,38.130851
879,140,23.983108,38.058036
880,140,23.604694,38.062861
882,140,23.859345,38.131686
883,140,23.870805,37.991683
884,140,23.86035,38.014937
885,140,23.85894,38.007381
887,140,23.880296,37.988975
888,140,23.69993,38.017711
889,140,23.820417,38.0782
891,140,23.858427,38.006946
892,140,23.912737,37.895206
893,140,23.737528,38.045047
894,140,23.880752,38.003436
895,140,23.881792,37.990585
896,140,23.841069,38.130878
897,140,23.840868,38.131335
898,140,23.876195,37.995093
899,140,23.835472,38.070189
900,140,23.851295,38.139541
901,140,23.838663,38.027583
903,140,23.771036,38.108467
904,140,23.767956,38.112422
905,140,23.85261,38.029354
906,140,23.716459,37.95684
908,140,23.80764,38.018852
910,140,23.907507,37.898201
911,140,23.826395,38.114253
912,140,23.838644,38.12976
913,140,23.818674,38.085021
914,140,23.759029,38.099574
915,140,23.791275,38.009101
916,140,23.927008,37.879817
917,140,23.850269,38.143234
918,140,23.769982,38.109287
920,140,23.855244,38.008655
921,140,23.909364,37.87046
