863,1400,23.815733,38.102492
865,1400,23.935931,38.026725
866,1400,23.821918,38.033393
867,1400,24.012556,38.160987
870,1400,23.766451,37.987464
870,1400,23.766451,37.987464
872,1400,23.855265,38.199546
874,1400,23.723764,37.961513
876,1400,23.840828,38.133934
879,1400,23.906862,37.868671
882,1400,23.762367,38.041137
883,1400,23.823364,38.032504
884,1400,23.85646,38.005072
885,1400,23.843512,38.01232
887,1400,23.822748,38.032992
888,1400,23.758398,38.06425
892,1400,23.861485,38.000197
893,1400,23.841028,38.130946
895,1400,23.884794,37.934898
896,1400,23.769058,38.092197
897,1400,23.769734,38.092338
898,1400,23.880251,37.99953
899,1400,23.818686,38.089213
900,1400,23.767773,38.104503
901,1400,23.883655,37.924334
903,1400,23.816598,38.105362
905,1400,23.878478,37.895099
906,1400,23.881365,37.990088
908,1400,23.832993,38.024821
910,1400,23.867631,38.00495
912,1400,23.822845,38.111659
913,1400,23.797441,38.035731
915,1400,23.809665,38.01086
916,1400,23.859712,38.001396
917,1400,23.842273,38.110763
920,1400,23.869957,37.990814
