863,1402,23.813022,38.101352
865,1402,23.938749,38.027034
866,1402,23.821659,38.033221
867,1402,23.894762,37.944377
870,1402,23.810816,38.044506
872,1402,23.809175,38.101745
874,1402,23.872072,38.005149
876,1402,23.841049,38.130989
879,1402,23.875307,37.992137
882,1402,23.840508,38.132178
883,1402,23.908121,37.86872
884,1402,23.856251,38.003314
885,1402,23.841708,38.010723
887,1402,23.909706,37.869929
888,1402,23.756437,38.060569
892,1402,23.881878,37.990604
893,1402,23.828274,38.116794
895,1402,23.767193,37.993686
896,1402,23.762468,38.091354
897,1402,23.777614,38.091044
898,1402,23.817056,38.012683
899,1402,23.818415,38.089041
900,1402,23.761848,38.04161
901,1402,23.858083,38.002311
903,1402,23.806839,38.101081
905,1402,23.856889,38.002975
906,1402,23.914537,37.999527
908,1402,23.833622,38.025512
910,1402,23.930222,37.875419
912,1402,23.840839,38.131305
913,1402,23.79824,38.036372
915,1402,23.808725,38.010482
916,1402,23.857933,38.003486
917,1402,23.861368,38.108142
920,1402,23.785954,38.000399
