863,1404,23.810633,38.098723
865,1404,23.876946,37.990955
866,1404,23.939033,38.038131
867,1404,23.81599,38.020885
870,1404,23.76581,37.986785
872,1404,23.787134,38.045173
874,1404,23.723995,37.961631
876,1404,23.810274,38.05178
879,1404,23.874906,37.992469
882,1404,23.762547,38.041309
883,1404,23.856767,38.031783
884,1404,23.859942,38.001235
885,1404,23.843651,38.011382
887,1404,23.909105,37.869518
888,1404,23.88121,37.990004
892,1404,23.832298,38.041339
893,1404,23.840696,38.131461
895,1404,23.883773,37.934527
896,1404,23.761159,38.091162
897,1404,23.787386,38.091495
898,1404,23.858475,38.007083
899,1404,23.817885,38.088481
900,1404,23.749464,38.050621
901,1404,23.881153,37.990004
903,1404,23.796879,38.097171
905,1404,23.794111,38.004531
906,1404,23.881853,37.991931
908,1404,23.899616,37.977523
910,1404,23.881342,37.990078
912,1404,23.84071,38.131576
913,1404,23.799061,38.037043
915,1404,23.808525,38.010344
916,1404,23.857042,38.005084
917,1404,23.854948,38.141651
920,1404,23.871077,37.991923
