863,1405,23.8451,38.141635
865,1405,23.936388,38.026134
866,1405,23.936903,38.038291
867,1405,24.013486,38.160156
870,1405,23.935705,37.885982
872,1405,23.814436,38.103606
874,1405,23.838463,38.02769
876,1405,23.841068,38.130958
879,1405,23.897679,37.995742
882,1405,23.82184,38.109878
883,1405,23.908982,37.868942
884,1405,23.945765,38.036231
885,1405,23.853599,38.014038
887,1405,23.822869,38.032912
888,1405,23.755658,38.05878
892,1405,23.857895,38.004199
893,1405,23.833833,38.121887
895,1405,23.871336,37.992179
896,1405,23.760009,38.090701
897,1405,23.790386,38.092013
898,1405,23.818366,38.013072
899,1405,23.836885,38.125777
900,1405,23.838135,38.128738
901,1405,23.85128,38.021552
903,1405,23.768637,38.108646
905,1405,23.880678,37.893871
906,1405,23.920378,37.998057
908,1405,23.834572,38.02658
910,1405,23.836522,38.026416
912,1405,23.830036,38.118766
913,1405,23.834843,38.09188
915,1405,23.808426,38.010306
916,1405,23.85376,38.006255
917,1405,23.863608,38.107032
920,1405,23.900414,37.962547
