863,141,23.832287,38.139533
862,141,23.881006,37.989715
864,141,23.8431,38.027122
865,141,23.881385,37.99023
866,141,23.866106,38.006278
867,141,23.874522,37.992144
869,141,23.837545,38.127322
870,141,23.789323,38.001811
870,141,23.789323,38.001811
872,141,23.835926,38.124042
873,141,23.848233,38.041591
874,141,23.781893,38.002837
875,141,23.879795,38.003707
876,141,23.829911,38.117603
878,141,23.774717,38.092399
879,141,23.894591,37.913951
880,141,23.858943,38.131591
882,141,23.840967,38.131163
883,141,23.881668,37.990398
884,141,23.86043,38.018257
885,141,23.849839,38.009654
887,141,23.842993,38.027183
888,141,23.69902,38.018359
889,141,23.829174,38.063881
891,141,23.822994,38.013748
892,141,23.912934,37.89508
893,141,23.714152,38.008968
894,141,23.817526,38.014773
895,141,23.876066,37.991508
896,141,23.838597,38.055274
897,141,23.764803,38.113284
898,141,23.890718,38.004428
899,141,23.801546,38.098987
900,141,23.793133,38.094344
901,141,23.80032,38.017581
903,141,23.768827,38.108642
904,141,23.767765,38.111331
905,141,23.861242,38.011779
906,141,23.716429,37.956981
908,141,23.878305,37.985602
910,141,23.791939,38.002986
911,141,23.823645,38.111583
912,141,23.757917,38.04629
913,141,23.819384,38.08176
914,141,23.7561,38.100303
915,141,23.790584,38.00817
916,141,23.862177,37.951614
917,141,23.758675,38.064414
918,141,23.770151,38.109226
920,141,23.881218,37.98994
921,141,23.843485,38.012603
