863,1410,23.809723,38.095694
865,1410,23.882015,37.990645
866,1410,23.927092,38.037837
867,1410,24.013597,38.158825
870,1410,23.809117,38.043204
872,1410,23.862126,38.205558
874,1410,23.866802,38.006118
876,1410,23.845395,38.138885
879,1410,23.763857,37.986015
882,1410,23.818651,38.106826
883,1410,23.829244,38.027366
884,1410,23.870003,37.996043
885,1410,23.843147,38.010489
887,1410,23.787044,38.032176
888,1410,23.750708,38.051788
892,1410,23.858274,38.006438
893,1410,23.839492,38.131656
895,1410,23.766863,37.993217
896,1410,23.757971,38.089809
897,1410,23.807907,38.101665
898,1410,23.881999,37.990669
899,1410,23.816105,38.08372
900,1410,23.761749,38.04148
901,1410,23.884295,37.935032
903,1410,23.7867,38.091197
905,1410,23.882729,37.892852
906,1410,23.881443,37.990107
908,1410,23.891944,37.982513
910,1410,23.931091,37.873938
912,1410,23.837849,38.128226
913,1410,23.805332,38.044406
915,1410,23.806305,38.009387
916,1410,23.854942,38.003963
917,1410,23.856629,38.14117
920,1410,23.783074,37.998218
