863,1414,23.809392,38.088016
865,1414,23.881266,37.990703
866,1414,23.925531,38.038493
867,1414,24.013678,38.157325
870,1414,23.808937,38.041766
872,1414,23.863966,38.207038
874,1414,23.865143,38.006389
876,1414,23.845436,38.139125
879,1414,23.764946,37.985965
882,1414,23.81669,38.103416
883,1414,23.830934,38.026355
884,1414,23.823208,38.032554
885,1414,23.843731,38.010742
887,1414,23.829147,38.027553
888,1414,23.747747,38.049006
892,1414,23.858374,38.00677
893,1414,23.808357,38.059142
895,1414,23.766372,37.992175
896,1414,23.745363,38.084277
897,1414,23.820997,38.109812
898,1414,23.881981,37.990631
899,1414,23.813684,38.078678
900,1414,23.836705,38.125587
901,1414,23.85079,38.021792
903,1414,23.775669,38.091872
905,1414,23.801842,38.00751
906,1414,23.939587,38.001594
908,1414,23.838981,38.027442
910,1414,23.930832,37.874667
912,1414,23.84049,38.131408
913,1414,23.810444,38.052177
915,1414,23.805246,38.008948
916,1414,23.853493,38.007354
917,1414,23.870247,38.104762
920,1414,23.782513,37.997779
