863,1415,23.809913,38.086314
865,1415,23.932698,38.020995
866,1415,23.928351,38.037833
867,1415,23.8811,37.989848
870,1415,23.86035,38.007186
872,1415,23.788456,38.045134
874,1415,23.881361,37.990222
876,1415,23.808815,38.057891
879,1415,23.907252,38.002631
882,1415,23.840757,38.131499
883,1415,23.852108,38.037883
884,1415,23.875464,37.9919
885,1415,23.858248,38.008838
887,1415,23.830567,38.026591
888,1415,23.747087,38.048407
892,1415,23.882047,37.990615
893,1415,23.843525,38.138069
895,1415,23.801422,37.833614
896,1415,23.745314,38.085536
897,1415,23.823967,38.114162
898,1415,23.858725,38.007476
899,1415,23.840866,38.131217
900,1415,23.79413,38.126304
901,1415,23.858494,38.00716
903,1415,23.775178,38.092243
905,1415,23.882747,37.89284
906,1415,23.881303,37.990066
908,1415,23.868305,38.005874
910,1415,23.86672,37.997871
912,1415,23.840917,38.131156
913,1415,23.811304,38.053886
915,1415,23.805206,38.008937
916,1415,23.852993,38.008174
917,1415,23.856693,38.110831
920,1415,23.844343,38.01049
