863,1418,23.806635,38.083022
865,1418,23.933187,38.016437
866,1418,23.92905,38.037963
867,1418,24.013697,38.157035
870,1418,23.808697,38.040336
872,1418,23.864135,38.208858
874,1418,23.862174,38.007049
876,1418,23.844637,38.140315
879,1418,23.766326,37.987166
882,1418,23.840928,38.131168
883,1418,23.830953,38.026355
884,1418,23.876632,37.991161
885,1418,23.857489,38.007988
887,1418,23.832957,38.02481
888,1418,23.749037,38.047928
892,1418,23.858414,38.006912
893,1418,23.808397,38.058124
895,1418,23.766123,37.991755
896,1418,23.745233,38.086135
897,1418,23.832986,38.1211
898,1418,23.860224,38.007266
899,1418,23.812134,38.075396
900,1418,23.776783,38.04082
901,1418,23.849871,38.021892
903,1418,23.769698,38.092311
905,1418,23.78689,38.00072
906,1418,23.881303,37.990054
908,1418,23.866714,38.006153
910,1418,23.87002,37.99607
912,1418,23.841088,38.130935
913,1418,23.808874,38.057834
915,1418,23.804676,38.008754
917,1418,23.859774,38.10908
920,1418,23.781303,37.996897
