863,1421,23.805723,38.082271
865,1421,23.881946,37.990581
866,1421,23.821591,38.03318
867,1421,23.814192,38.020504
870,1421,23.938067,37.88325
872,1421,23.840345,38.133037
874,1421,23.846435,38.025359
876,1421,23.810005,38.066299
879,1421,23.89537,37.997131
882,1421,23.840937,38.131179
883,1421,23.847848,38.041804
884,1421,23.937393,38.038295
885,1421,23.851422,38.0093
887,1421,23.786865,38.032096
888,1421,23.748907,38.048057
892,1421,23.858414,38.006942
893,1421,23.845014,38.140048
895,1421,23.766024,37.991485
896,1421,23.745983,38.084468
897,1421,23.840578,38.131907
898,1421,23.860513,38.007304
899,1421,23.811712,38.072555
900,1421,23.82188,38.033183
901,1421,23.881234,37.990295
903,1421,23.76777,38.092231
905,1421,23.855835,38.00606
906,1421,23.956956,38.006755
908,1421,23.863504,38.006793
910,1421,23.870039,37.996058
912,1421,23.840879,38.131385
913,1421,23.845457,38.142036
915,1421,23.805635,38.008998
917,1421,23.862084,38.107749
920,1421,23.900166,37.954783
