863,1422,23.840603,38.131377
865,1422,23.937587,38.01192
866,1422,23.927941,38.036551
867,1422,24.013706,38.157035
870,1422,23.808857,38.040218
872,1422,23.864845,38.210658
874,1422,23.860594,38.007407
876,1422,23.845867,38.142585
879,1422,23.768637,37.989116
882,1422,23.790955,38.083914
883,1422,23.87994,38.003803
884,1422,23.880392,37.989162
885,1422,23.857029,38.006878
887,1422,23.808553,38.060482
888,1422,23.881001,37.989864
892,1422,23.829418,38.042949
893,1422,23.844735,38.141098
895,1422,23.806982,37.835921
896,1422,23.745983,38.084468
897,1422,23.840868,38.131347
898,1422,23.826107,38.013892
899,1422,23.811231,38.071826
900,1422,23.752085,38.049068
901,1422,23.84952,38.021972
903,1422,23.768057,38.108714
905,1422,23.870829,37.995803
906,1422,23.961407,38.007995
908,1422,23.881346,37.990042
910,1422,23.83816,38.022307
912,1422,23.840719,38.131606
913,1422,23.809345,38.063102
915,1422,23.805745,38.009158
917,1422,23.858259,38.143131
920,1422,23.778174,37.994979
