863,1424,23.840843,38.131289
865,1424,23.939538,38.01068
866,1424,23.926821,38.035072
867,1424,23.886081,37.933883
870,1424,23.764032,37.986103
872,1424,23.823826,38.114047
874,1424,23.727125,37.964351
876,1424,23.841018,38.130996
879,1424,23.894711,37.99721
882,1424,23.792224,38.081233
883,1424,23.88081,38.003631
884,1424,23.881212,37.990131
885,1424,23.838928,38.027037
887,1424,23.786686,38.031818
888,1424,23.848139,38.142017
892,1424,23.858494,38.007262
893,1424,23.840761,38.131282
895,1424,23.869056,37.996482
896,1424,23.750365,38.086417
897,1424,23.841037,38.131114
898,1424,23.88191,37.990501
899,1424,23.810942,38.067855
900,1424,23.79273,38.123294
901,1424,23.892013,37.938453
903,1424,23.767887,38.108344
905,1424,23.803461,38.00809
906,1424,23.970897,38.010616
908,1424,23.861413,38.007201
910,1424,23.871959,37.995418
912,1424,23.8403,38.132899
913,1424,23.810185,38.066592
915,1424,23.810825,38.011248
917,1424,23.864294,38.106628
920,1424,23.869589,37.996284
