863,1426,23.787312,38.046347
865,1426,23.939898,38.01047
866,1426,23.926211,38.033451
867,1426,23.874468,37.992721
870,1426,23.808746,38.040218
872,1426,23.865355,38.21109
874,1426,23.860945,38.009048
876,1426,23.811125,38.068759
879,1426,23.771026,37.990794
882,1426,23.840784,38.130904
883,1426,23.880659,38.001212
884,1426,23.830428,38.026603
885,1426,23.85529,38.007286
887,1426,23.837637,38.027996
888,1426,23.848858,38.14241
892,1426,23.866434,37.998012
893,1426,23.845983,38.142646
895,1426,23.810562,37.838172
896,1426,23.757044,38.089389
897,1426,23.841069,38.130866
898,1426,23.826838,38.01393
899,1426,23.809521,38.065264
900,1426,23.764162,38.105224
901,1426,23.858573,38.007408
903,1426,23.767857,38.107803
905,1426,23.856365,38.004939
906,1426,23.971518,38.014045
908,1426,23.847374,38.025215
910,1426,23.922901,37.887653
912,1426,23.84256,38.137267
913,1426,23.810244,38.066673
915,1426,23.816057,38.012439
917,1426,23.879608,38.102481
920,1426,23.898997,37.953273
