863,1430,23.787991,38.042549
865,1430,23.941047,38.007541
866,1430,23.925112,38.03361
867,1430,23.882591,37.932284
870,1430,23.86026,38.013362
872,1430,23.788715,38.043177
874,1430,23.730955,37.965972
876,1430,23.840948,38.130878
879,1430,23.774415,37.992293
882,1430,23.795286,38.080154
883,1430,23.881998,37.991672
884,1430,23.881332,37.990051
885,1430,23.855919,38.006034
887,1430,23.842266,38.025997
888,1430,23.848217,38.145316
892,1430,23.858564,38.007461
893,1430,23.840851,38.13116
895,1430,23.813602,37.840022
896,1430,23.762493,38.091342
897,1430,23.841117,38.130916
898,1430,23.827748,38.013942
899,1430,23.811482,38.054656
900,1430,23.755684,38.047686
901,1430,23.849411,38.021965
903,1430,23.767036,38.107852
905,1430,23.884998,37.892082
906,1430,23.967708,38.016193
908,1430,23.848814,38.024265
910,1430,23.87501,37.992256
912,1430,23.846289,38.139411
913,1430,23.811144,38.069953
915,1430,23.819819,38.01353
917,1430,23.869003,38.105124
920,1430,23.881237,37.99005
