863,1434,23.78183,38.044738
865,1434,23.941676,38.003978
866,1434,23.821639,38.033237
867,1434,23.812474,38.020126
870,1434,23.86026,38.015521
872,1434,23.786476,38.042537
874,1434,23.849843,38.025741
876,1434,23.855229,38.152698
879,1434,23.777796,37.994484
882,1434,23.810381,38.100345
883,1434,23.881588,37.990051
884,1434,23.832876,38.024822
885,1434,23.856489,38.005073
887,1434,23.848896,38.024986
888,1434,23.845375,38.139705
892,1434,23.821989,38.042128
893,1434,23.811087,38.070053
895,1434,23.816502,37.841731
896,1434,23.774113,38.092654
897,1434,23.840767,38.131424
898,1434,23.873728,37.995242
899,1434,23.787306,38.084899
900,1434,23.764332,38.106475
901,1434,23.860424,38.007228
903,1434,23.75795,38.09999
905,1434,23.805042,38.00878
906,1434,23.881233,37.990028
908,1434,23.847525,38.021934
910,1434,23.847071,38.021045
912,1434,23.856869,38.135921
913,1434,23.812174,38.072921
915,1434,23.836149,38.012584
917,1434,23.860749,38.146552
920,1434,23.863629,37.999434
