863,1435,23.840887,38.130767
865,1435,23.861002,37.957153
866,1435,23.82172,38.033237
867,1435,23.865276,37.998641
870,1435,23.76085,37.98497
872,1435,23.830944,38.118838
874,1435,23.860275,38.016586
876,1435,23.811483,38.071887
879,1435,23.897329,38.004771
882,1435,23.842174,38.136584
883,1435,23.839762,38.046455
884,1435,23.932282,38.037223
885,1435,23.855057,38.006179
887,1435,23.809083,38.05735
888,1435,23.845356,38.139064
892,1435,23.877825,37.990371
893,1435,23.840957,38.131225
895,1435,23.890113,37.921378
896,1435,23.777212,38.091044
897,1435,23.839888,38.131813
898,1435,23.860355,38.013698
899,1435,23.807102,38.046138
900,1435,23.778291,38.03918
901,1435,23.900204,37.95465
903,1435,23.756199,38.10033
905,1435,23.860235,38.000937
906,1435,23.966657,38.017955
908,1435,23.855071,38.006434
910,1435,23.910002,37.896991
912,1435,23.858999,38.133529
913,1435,23.840917,38.131129
915,1435,23.83976,38.011024
917,1435,23.886039,38.100589
920,1435,23.896394,37.94773
