863,1436,23.782351,38.045597
865,1436,23.941567,38.002788
866,1436,23.821661,38.033187
867,1436,23.885361,37.929397
870,1436,23.953077,37.885501
872,1436,23.845396,38.138778
874,1436,23.732465,37.966991
876,1436,23.855759,38.155349
879,1436,23.867718,37.99731
882,1436,23.798727,38.084765
883,1436,23.881437,37.990012
884,1436,23.832917,38.024802
885,1436,23.843029,38.026557
887,1436,23.849405,38.025066
888,1436,23.842216,38.136863
892,1436,23.860426,38.007262
893,1436,23.849333,38.144142
895,1436,23.860379,38.000869
896,1436,23.782202,38.091655
897,1436,23.839157,38.130584
898,1436,23.828778,38.013942
899,1436,23.786916,38.084819
900,1436,23.758233,38.045718
901,1436,23.850902,38.021774
903,1436,23.756288,38.10057
905,1436,23.87998,37.989024
906,1436,23.881224,37.990028
908,1436,23.846935,38.021175
910,1436,23.880461,37.989284
912,1436,23.858839,38.131068
913,1436,23.812115,38.075431
915,1436,23.84235,38.010704
917,1436,23.872513,38.105846
920,1436,23.769474,37.989604
