863,1437,23.840967,38.130767
865,1437,23.862713,37.958534
866,1437,23.821732,38.033168
867,1437,23.811943,38.019996
870,1437,23.86025,38.015822
872,1437,23.867122,38.214007
874,1437,23.850914,38.025992
876,1437,23.812023,38.07259
879,1437,23.893621,37.997962
882,1437,23.808711,38.101154
883,1437,23.838321,38.045826
884,1437,23.931113,38.037105
885,1437,23.85614,38.005321
887,1437,23.811864,38.05574
888,1437,23.839826,38.132201
892,1437,23.819649,38.042308
893,1437,23.811397,38.071933
895,1437,23.764824,37.990165
896,1437,23.786852,38.091297
897,1437,23.837396,38.126964
898,1437,23.870807,37.996311
899,1437,23.804692,38.043967
900,1437,23.829565,38.118156
901,1437,23.860443,38.007228
903,1437,23.757269,38.101932
905,1437,23.784549,37.999305
906,1437,23.88152,37.990875
908,1437,23.856043,38.005324
910,1437,23.849221,38.020614
912,1437,23.857479,38.129657
913,1437,23.840957,38.131118
915,1437,23.84629,38.010222
917,1437,23.861628,38.147491
920,1437,23.836185,38.012771
