863,1439,23.782742,38.047156
865,1439,23.864203,37.961135
866,1439,23.860561,38.06039
867,1439,23.883741,37.925975
870,1439,23.957588,37.886592
872,1439,23.833584,38.121547
874,1439,23.734325,37.967322
876,1439,23.855817,38.15871
879,1439,23.897508,38.006122
882,1439,23.800007,38.086536
883,1439,23.832103,38.025683
884,1439,23.930141,38.036716
885,1439,23.855877,38.005248
887,1439,23.810564,38.052791
888,1439,23.840917,38.131171
892,1439,23.860746,38.008274
893,1439,23.840088,38.131793
895,1439,23.891943,37.918288
896,1439,23.791841,38.092968
897,1439,23.831797,38.119503
898,1439,23.829907,38.013911
899,1439,23.80372,38.042956
900,1439,23.848463,38.143676
901,1439,23.900434,37.956038
903,1439,23.760198,38.106162
905,1439,23.863905,37.999237
906,1439,23.881248,37.990596
908,1439,23.856173,38.003672
910,1439,23.881311,37.990172
912,1439,23.855391,38.129519
913,1439,23.813104,38.077811
915,1439,23.855021,38.008556
917,1439,23.874042,38.106654
920,1439,23.894085,37.943111
