863,1440,23.783012,38.049727
865,1440,23.881241,37.989921
866,1440,23.860301,38.060191
867,1440,23.811752,38.019958
870,1440,23.86025,38.015861
872,1440,23.845656,38.139377
874,1440,23.854194,38.024951
876,1440,23.812063,38.07265
879,1440,23.892641,37.998741
882,1440,23.8073,38.100894
883,1440,23.835222,38.043555
884,1440,23.833966,38.025985
885,1440,23.84577,38.025436
887,1440,23.853176,38.025287
888,1440,23.840977,38.131072
892,1440,23.819438,38.041377
893,1440,23.812387,38.073592
895,1440,23.858028,38.002349
896,1440,23.793882,38.095466
897,1440,23.829247,38.116962
898,1440,23.869458,37.996322
899,1440,23.786269,38.08485
900,1440,23.765112,38.106955
901,1440,23.851992,38.021633
903,1440,23.760799,38.108741
905,1440,23.88081,37.989535
906,1440,23.966567,38.017817
908,1440,23.850505,38.020763
910,1440,23.85104,38.019633
912,1440,23.854641,38.129428
913,1440,23.814544,38.08084
915,1440,23.855251,38.007274
917,1440,23.862117,38.148201
920,1440,23.767194,37.988254
