863,146,23.830936,38.140483
862,146,23.883518,37.987533
864,146,23.838761,38.027866
865,146,23.866142,37.998153
866,146,23.815452,38.012325
867,146,23.872344,37.989848
869,146,23.841116,38.131038
870,146,23.782554,38.003287
870,146,23.782554,38.003287
872,146,23.822548,38.110442
873,146,23.84152,38.045303
874,146,23.793972,38.004344
875,146,23.886726,38.003855
876,146,23.825942,38.110954
878,146,23.840738,38.131713
879,146,23.988798,38.044318
880,146,23.604065,38.063613
882,146,23.856245,38.125145
883,146,23.881767,37.990477
884,146,23.85964,38.023807
885,146,23.900921,38.015948
887,146,23.877327,37.990726
888,146,23.69656,38.020069
889,146,23.821058,38.075103
891,146,23.820013,38.013526
892,146,23.908382,37.898021
893,146,23.714161,38.008937
894,146,23.814476,38.016211
895,146,23.881107,37.989886
896,146,23.838866,38.052257
897,146,23.837239,38.126499
898,146,23.899238,38.003127
899,146,23.826952,38.070861
900,146,23.877866,38.007399
901,146,23.842683,38.026404
903,146,23.840261,38.131819
904,146,23.768434,38.108802
905,146,23.85152,38.029987
906,146,23.880327,37.989112
908,146,23.80106,38.017787
910,146,23.921778,37.888648
911,146,23.815954,38.102638
912,146,23.831404,38.119136
913,146,23.820965,38.07405
914,146,23.761792,38.112102
915,146,23.789575,38.006518
916,146,23.863918,37.948264
917,146,23.833935,38.121703
918,146,23.769571,38.109362
920,146,23.855732,38.00613
921,146,23.843466,38.012473
