863,147,23.816214,38.10271
862,147,23.887228,37.985462
864,147,23.839624,38.011207
865,147,23.861059,38.009761
866,147,23.860405,38.007412
867,147,23.880041,37.989006
869,147,23.840965,38.131248
870,147,23.781744,38.002578
870,147,23.781744,38.002578
872,147,23.733078,38.103908
873,147,23.84112,38.045555
874,147,23.799233,38.006854
875,147,23.887856,38.004016
876,147,23.82596,38.108825
878,147,23.769647,38.092288
879,147,23.894689,37.90385
880,147,23.604965,38.063502
882,147,23.840739,38.131473
883,147,23.864496,37.999042
884,147,23.859501,38.026145
885,147,23.844708,38.010444
887,147,23.838693,38.029014
888,147,23.69661,38.020179
889,147,23.833063,38.06195
891,147,23.858737,38.007427
892,147,23.906305,37.965877
893,147,23.712119,38.010101
894,147,23.81866,38.014388
895,147,23.881708,37.990398
896,147,23.840995,38.131011
897,147,23.764543,38.113155
898,147,23.874028,37.995254
899,147,23.791885,38.092758
900,147,23.839674,38.049396
901,147,23.8067,38.018863
903,147,23.840002,38.131832
904,147,23.769058,38.107799
905,147,23.860301,38.015807
906,147,23.878717,37.989914
908,147,23.881505,37.985572
910,147,23.789938,38.002075
911,147,23.815195,38.102397
912,147,23.760427,38.042937
913,147,23.820785,38.071029
914,147,23.786172,38.084632
915,147,23.789236,38.00621
916,147,23.882473,37.989486
917,147,23.849718,38.143825
918,147,23.769422,38.107696
920,147,23.854984,38.008094
921,147,23.907156,37.868922
