863,148,23.781246,38.079425
862,148,23.890648,37.983371
864,148,23.83918,38.027415
865,148,23.881987,37.991363
866,148,23.838877,38.028945
867,148,23.858315,37.999217
869,148,23.840946,38.131259
870,148,23.779675,38.001388
870,148,23.779675,38.001388
872,148,23.818928,38.106994
873,148,23.840339,38.046065
874,148,23.804722,38.008563
875,148,23.890597,38.004436
876,148,23.82608,38.106013
878,148,23.768741,38.108737
879,148,23.990218,38.040069
880,148,23.605875,38.063342
882,148,23.78162,38.0735
883,148,23.860787,38.000621
884,148,23.859242,38.029036
885,148,23.860479,38.007209
887,148,23.902912,37.900947
888,148,23.697038,38.02069
889,148,23.870504,38.238749
891,148,23.817232,38.012694
892,148,23.895293,37.912371
893,148,23.708754,38.011478
894,148,23.842779,38.044585
895,148,23.881638,37.990909
896,148,23.838946,38.051547
897,148,23.835018,38.122699
898,148,23.880316,37.98889
899,148,23.824352,38.071052
900,148,23.843734,38.139804
901,148,23.787529,38.02497
903,148,23.733049,38.103942
904,148,23.768454,38.108783
905,148,23.839224,38.028781
906,148,23.875838,37.991824
908,148,23.800379,38.017726
910,148,23.924438,37.885318
911,148,23.812414,38.100806
912,148,23.829192,38.116847
913,148,23.821085,38.068191
914,148,23.763041,38.11238
915,148,23.788595,38.006671
916,148,23.867258,37.945514
917,148,23.757244,38.062575
918,148,23.768632,38.107829
920,148,23.856966,38.002814
921,148,23.906956,37.868602
