863,149,23.820965,38.076568
862,149,23.893198,37.981601
864,149,23.839224,38.011378
865,149,23.862862,37.999652
866,149,23.813312,38.011936
867,149,23.873984,37.991798
869,149,23.840687,38.131721
870,149,23.777284,38.001327
870,149,23.777284,38.001327
872,149,23.816677,38.103233
873,149,23.840321,38.046077
874,149,23.810041,38.010962
875,149,23.895367,38.003836
876,149,23.82591,38.103405
878,149,23.827415,38.115833
879,149,23.894689,37.903838
880,149,23.606886,38.062934
882,149,23.857506,38.122795
883,149,23.881878,37.990569
884,149,23.85859,38.031108
885,149,23.9008,38.016059
887,149,23.874727,37.992507
888,149,23.697989,38.021541
889,149,23.820778,38.072093
891,149,23.860157,38.007205
892,149,23.926807,37.881465
893,149,23.823509,38.113703
894,149,23.857983,38.005359
895,149,23.881937,37.990737
896,149,23.841035,38.130931
897,149,23.763202,38.112273
898,149,23.871237,37.996364
899,149,23.791225,38.091876
900,149,23.788803,38.091334
901,149,23.806719,38.018901
903,149,23.839672,38.131652
904,149,23.768583,38.108665
905,149,23.860163,38.016246
906,149,23.875577,37.993415
908,149,23.882546,37.985973
910,149,23.789818,38.002036
911,149,23.810524,38.098647
912,149,23.762557,38.042186
913,149,23.821135,38.06684
914,149,23.785942,38.084552
915,149,23.787535,38.007522
916,149,23.883062,37.987735
917,149,23.840295,38.13124
918,149,23.76909,38.109534
920,149,23.856472,38.005149
921,149,23.907116,37.868823
