863,15,23.875234,38.211109
862,15,23.874975,37.9925
864,15,23.88143,37.990177
865,15,23.96254,38.150397
866,15,23.881294,37.990039
867,15,23.874646,37.992274
869,15,23.858047,38.131396
870,15,23.878553,37.989974
872,15,23.836443,38.125072
873,15,23.881946,37.991844
874,15,23.880853,38.003562
875,15,23.757801,38.021136
876,15,23.73429,38.089553
878,15,23.840913,38.130927
879,15,23.983137,38.029773
880,15,23.805453,38.100463
882,15,23.834259,38.122058
883,15,23.853428,38.00307
884,15,23.734691,38.015853
885,15,23.881782,37.99047
887,15,23.881735,37.991512
888,15,23.881069,37.990001
889,15,23.838608,38.1296
891,15,23.88159,37.990295
892,15,23.930817,37.871807
893,15,23.707543,38.015597
894,15,23.881069,37.989852
895,15,23.849033,37.966052
896,15,23.840846,38.131221
897,15,23.7878,38.087398
898,15,23.855022,38.0064
899,15,23.828271,38.114077
900,15,23.809741,38.095962
901,15,23.758428,38.022159
903,15,23.76606,38.107421
904,15,23.759594,38.105316
905,15,23.880678,37.989376
906,15,23.864782,37.985862
908,15,23.881841,37.990562
910,15,23.881403,37.990062
911,15,23.822439,38.110416
912,15,23.840468,38.131256
913,15,23.841023,38.130927
914,15,23.733418,38.089378
915,15,23.869362,37.996257
916,15,23.854212,38.005195
917,15,23.756744,38.091041
918,15,23.763718,38.105911
920,15,23.86162,38.003452
921,15,23.856144,38.003344
