863,154,23.829317,38.142745
862,154,23.906318,37.968128
864,154,23.83728,38.027477
865,154,23.880806,37.995692
866,154,23.854164,38.008899
867,154,23.858315,38.002128
869,154,23.835259,38.123058
870,154,23.775715,38.004394
870,154,23.775715,38.004394
872,154,23.810858,38.099029
873,154,23.839679,38.050182
874,154,23.824564,38.013682
875,154,23.916529,37.999061
876,154,23.824709,38.098636
878,154,23.839388,38.131145
879,154,23.983045,38.029712
880,154,23.858673,38.13166
882,154,23.839849,38.131854
883,154,23.858444,38.007011
884,154,23.853241,38.036681
885,154,23.836008,38.012745
887,154,23.911411,37.896057
888,154,23.754995,38.05778
889,154,23.875093,38.240631
891,154,23.814712,38.012114
892,154,23.925019,37.884517
893,154,23.742867,38.049994
894,154,23.858013,38.00553
895,154,23.881266,37.989994
896,154,23.839615,38.047287
897,154,23.829437,38.116638
898,154,23.886635,37.985794
899,154,23.821132,38.073993
900,154,23.839374,38.046897
901,154,23.849103,38.024894
903,154,23.832293,38.120063
904,154,23.768975,38.106681
905,154,23.854402,38.017208
906,154,23.869087,37.996524
908,154,23.794126,38.020358
910,154,23.927118,37.88008
911,154,23.809153,38.089377
912,154,23.832292,38.118274
913,154,23.826014,38.06501
914,154,23.764052,38.113121
915,154,23.786094,38.009201
916,154,23.879038,37.935493
917,154,23.828344,38.116103
918,154,23.768543,38.108596
920,154,23.856112,38.003349
921,154,23.843702,38.01089
