863,157,23.821064,38.075316
862,157,23.919008,37.966621
864,157,23.837623,38.012076
865,157,23.880165,37.998264
866,157,23.880142,37.989044
867,157,23.861284,38.000217
869,157,23.829279,38.11639
870,157,23.881485,37.990188
870,157,23.881485,37.990188
872,157,23.810466,38.098277
873,157,23.83957,38.050914
874,157,23.832864,38.013293
875,157,23.928299,37.997841
876,157,23.82326,38.094463
878,157,23.823015,38.111724
879,157,23.910182,37.896797
880,157,23.606387,38.062709
882,157,23.839498,38.131416
883,157,23.857873,38.007652
884,157,23.847921,38.041732
885,157,23.861199,38.01107
887,157,23.915262,37.893596
888,157,23.751434,38.052119
889,157,23.877964,38.240001
891,157,23.860517,38.012545
892,157,23.905475,37.971366
893,157,23.713199,38.009609
894,157,23.816412,38.01522
895,157,23.881266,37.990023
896,157,23.839834,38.046867
897,157,23.765194,38.112334
898,157,23.890934,37.983184
899,157,23.778736,38.076854
900,157,23.839365,38.046886
901,157,23.809279,38.019443
903,157,23.826523,38.114993
904,157,23.769764,38.10517
905,157,23.854343,38.017959
906,157,23.858748,38.002021
908,157,23.880485,37.989162
910,157,23.787258,38.001094
911,157,23.809693,38.086547
912,157,23.835623,38.116931
913,157,23.840719,38.131499
914,157,23.764132,38.112998
915,157,23.785135,38.009509
916,157,23.882748,37.931964
917,157,23.839856,38.131923
918,157,23.768613,38.108836
920,157,23.880523,37.989276
921,157,23.845105,38.00801
