863,161,23.841098,38.130889
862,161,23.92676,37.96017
864,161,23.836344,38.012626
865,161,23.858412,38.007141
866,161,23.878421,37.990004
867,161,23.879744,37.989139
869,161,23.825989,38.110141
870,161,23.777263,38.000697
870,161,23.777263,38.000697
872,161,23.84094,38.131183
873,161,23.838829,38.051582
874,161,23.840265,38.010894
875,161,23.944347,38.002937
876,161,23.821149,38.091342
878,161,23.837168,38.126555
879,161,23.920292,37.890297
880,161,23.858442,38.131641
882,161,23.851524,38.113906
883,161,23.850914,38.009444
884,161,23.843811,38.044082
885,161,23.860367,38.013671
887,161,23.870158,37.996012
888,161,23.751205,38.049617
889,161,23.823128,38.066745
891,161,23.860399,38.017845
892,161,23.895464,37.903083
893,161,23.718672,38.01406
894,161,23.807964,38.018779
895,161,23.881088,37.990322
896,161,23.843825,38.046916
897,161,23.765234,38.112895
898,161,23.864967,37.998802
899,161,23.767216,38.071773
900,161,23.839424,38.046627
901,161,23.798941,38.017367
903,161,23.818964,38.107554
904,161,23.769538,38.107669
905,161,23.838854,38.028949
906,161,23.856589,38.008182
908,161,23.881306,37.98994
910,161,23.785217,37.999915
911,161,23.806671,38.082976
912,161,23.833552,38.118232
913,161,23.838869,38.130119
914,161,23.841007,38.130969
915,161,23.844624,38.016738
916,161,23.924867,37.875918
917,161,23.822945,38.110855
918,161,23.768883,38.109778
920,161,23.881961,37.991721
921,161,23.847454,37.995983
