863,166,23.841099,38.130927
862,166,23.932579,37.959861
864,166,23.83584,38.027873
865,166,23.881107,38.003703
866,166,23.851173,38.009463
867,166,23.870497,37.995856
869,166,23.82799,38.101966
870,166,23.780903,37.996406
870,166,23.780903,37.996406
872,166,23.833145,38.139655
873,166,23.882082,37.991027
874,166,23.880292,37.997695
875,166,23.948979,38.000636
876,166,23.8188,38.08924
878,166,23.769051,38.109321
879,166,23.967176,38.009555
880,166,23.605045,38.058047
882,166,23.829738,38.117538
883,166,23.842962,38.010623
884,166,23.881861,37.990443
885,166,23.829918,38.013954
887,166,23.837963,38.029384
888,166,23.69652,38.02024
889,166,23.884294,38.238838
891,166,23.812454,38.011588
892,166,23.895365,37.903175
893,166,23.720001,38.016219
894,166,23.804995,38.0186
895,166,23.881056,37.989795
896,166,23.844835,38.046733
897,166,23.825989,38.104446
898,166,23.903124,37.975024
899,166,23.841058,38.130897
900,166,23.829166,38.11753
901,166,23.848443,38.020633
903,166,23.798044,38.097602
904,166,23.768759,38.108981
905,166,23.851683,38.027682
906,166,23.839967,38.011074
908,166,23.782879,38.028064
910,166,23.916477,37.867888
911,166,23.80574,38.082274
912,166,23.828831,38.117393
913,166,23.800506,38.07571
914,166,23.763252,38.112429
915,166,23.854983,38.008098
916,166,23.905593,37.968757
917,166,23.843033,38.137866
918,166,23.768595,38.108867
920,166,23.878695,37.989864
921,166,23.850942,37.984943
