863,170,23.826454,38.07212
862,170,23.947121,37.959564
864,170,23.834002,38.026084
865,170,23.854381,38.008773
866,170,23.837856,38.029396
867,170,23.879957,37.989055
869,170,23.82587,38.098636
870,170,23.792064,38.002845
870,170,23.792064,38.002845
872,170,23.809046,38.090606
873,170,23.880314,37.997497
874,170,23.880774,38.003585
875,170,23.947817,38.001033
876,170,23.816549,38.084812
878,170,23.841039,38.131133
879,170,23.957466,38.006896
880,170,23.596355,38.055797
882,170,23.83128,38.118408
883,170,23.838871,38.011474
884,170,23.88191,37.990532
885,170,23.828187,38.013954
887,170,23.92382,37.886706
888,170,23.696261,38.020057
889,170,23.828839,38.064032
891,170,23.811186,38.011318
892,170,23.894478,37.904518
893,170,23.747497,38.058727
894,170,23.874264,38.004477
895,170,23.880525,37.988784
896,170,23.839519,38.131279
897,170,23.824961,38.099326
898,170,23.857988,38.002552
899,170,23.841058,38.130897
900,170,23.823727,38.112121
901,170,23.80592,38.018688
903,170,23.795034,38.096164
904,170,23.768009,38.109329
905,170,23.855433,38.030753
906,170,23.829998,38.013964
908,170,23.779439,38.029834
910,170,23.912727,37.866969
911,170,23.807272,38.086116
912,170,23.822262,38.110771
913,170,23.831058,38.118732
914,170,23.839916,38.131862
915,170,23.860362,38.000873
916,170,23.906624,37.964241
917,170,23.816946,38.103916
918,170,23.768683,38.10889
920,170,23.876584,37.991225
921,170,23.851242,37.981452
