863,172,23.785958,38.084377
862,172,23.952711,37.958743
864,172,23.835615,38.012858
865,172,23.886168,38.003822
866,172,23.870662,37.995872
867,172,23.881227,37.990035
869,172,23.8281,38.097034
870,172,23.800865,38.007118
870,172,23.800865,38.007118
872,172,23.809416,38.088584
873,172,23.880795,38.002479
874,172,23.880774,38.003585
875,172,23.947426,38.001083
876,172,23.816349,38.08435
878,172,23.814768,38.104465
879,172,23.952616,38.005534
880,172,23.590545,38.054855
882,172,23.869665,38.104903
883,172,23.836941,38.012424
884,172,23.836769,38.051273
885,172,23.826887,38.013935
887,172,23.837543,38.029583
888,172,23.881109,37.990093
889,172,23.886485,38.243197
891,172,23.810926,38.011268
892,172,23.895057,37.980407
893,172,23.714209,38.008987
894,172,23.809212,38.018261
895,172,23.882974,37.987716
896,172,23.836049,38.124148
897,172,23.823349,38.094706
898,172,23.857908,38.00431
899,172,23.841052,38.130897
900,172,23.877555,38.00806
901,172,23.852533,38.016353
903,172,23.733249,38.103801
904,172,23.767869,38.109218
905,172,23.856222,38.031772
906,172,23.822008,38.013762
908,172,23.77985,38.029544
910,172,23.910827,37.86679
911,172,23.807331,38.088035
912,172,23.815342,38.104484
913,172,23.800596,38.078181
914,172,23.839046,38.130542
915,172,23.86898,37.996501
916,172,23.903684,37.963611
917,172,23.845411,38.138889
918,172,23.768572,38.108909
920,172,23.856966,38.002807
921,172,23.908577,37.870544
