863,174,23.810234,38.097587
862,174,23.961171,37.955325
864,174,23.835485,38.012928
865,174,23.85928,38.028693
866,174,23.837757,38.029457
867,174,23.881214,37.990333
869,174,23.830629,38.094603
870,174,23.811975,38.011367
870,174,23.811975,38.011367
872,174,23.809666,38.087203
873,174,23.884035,38.001998
874,174,23.880573,38.003784
875,174,23.948485,38.000675
876,174,23.81511,38.082393
878,174,23.752426,38.094294
879,174,23.947484,38.004097
880,174,23.587515,38.055103
882,174,23.850738,38.142745
883,174,23.83523,38.012935
884,174,23.881641,37.990283
885,174,23.826518,38.013903
887,174,23.858097,38.00233
888,174,23.761477,38.040165
889,174,23.835917,38.059459
891,174,23.810656,38.011207
892,174,23.916118,37.893077
893,174,23.750248,38.062964
894,174,23.858152,38.00605
895,174,23.888605,37.984706
896,174,23.830029,38.11882
897,174,23.820999,38.091415
898,174,23.858438,38.007041
899,174,23.759883,38.067745
900,174,23.818146,38.10681
901,174,23.854514,38.012012
903,174,23.768647,38.108714
904,174,23.767811,38.108836
905,174,23.856241,38.031772
906,174,23.817428,38.012862
908,174,23.779451,38.029315
910,174,23.911037,37.867309
911,174,23.809169,38.088836
912,174,23.805122,38.100345
913,174,23.834804,38.061084
914,174,23.837326,38.126964
915,174,23.87494,37.992263
916,174,23.924448,37.8754
917,174,23.751672,38.050372
918,174,23.768482,38.108947
920,174,23.874935,37.992324
921,174,23.907378,37.870723
