863,175,23.785947,38.084407
862,175,23.959199,37.952957
864,175,23.829161,38.023555
865,175,23.888157,38.004112
866,175,23.810283,38.011207
867,175,23.881144,37.990241
869,175,23.832039,38.093413
870,175,23.818236,38.012909
870,175,23.818236,38.012909
872,175,23.845136,38.139423
873,175,23.884864,38.001918
874,175,23.867525,38.005908
875,175,23.949064,37.999606
876,175,23.814859,38.081825
878,175,23.840729,38.131603
879,175,23.921011,37.870852
880,175,23.587234,38.054233
882,175,23.874204,38.103282
883,175,23.83456,38.013076
884,175,23.832579,38.051242
885,175,23.859415,38.026412
887,175,23.837543,38.029593
888,175,23.764026,38.038623
889,175,23.887474,38.244728
891,175,23.853979,38.025058
892,175,23.894437,37.908229
893,175,23.839878,38.131953
894,175,23.872262,38.005119
895,175,23.891845,37.982547
896,175,23.840796,38.131381
897,175,23.820428,38.091033
898,175,23.913004,37.968062
899,175,23.817245,38.087516
900,175,23.783604,38.090964
901,175,23.835729,38.027633
903,175,23.7335,38.10511
904,175,23.768856,38.109882
905,175,23.838241,38.02925
906,175,23.817009,38.012752
908,175,23.779522,38.029303
910,175,23.769129,37.989303
911,175,23.808769,38.091327
912,175,23.799763,38.098274
913,175,23.800726,38.080143
914,175,23.763669,38.105678
915,175,23.878829,37.989692
916,175,23.899755,37.963142
917,175,23.845421,38.138889
918,175,23.768573,38.106674
920,175,23.86964,37.996139
921,175,23.907106,37.870284
