863,176,23.829883,38.071773
862,176,23.95773,37.951365
864,176,23.835275,38.012996
865,176,23.84625,38.010223
866,176,23.865933,37.998233
867,176,23.88184,37.990547
869,176,23.832489,38.093161
870,176,23.824067,38.013686
870,176,23.824067,38.013686
872,176,23.810676,38.084972
873,176,23.884585,38.00304
874,176,23.877372,38.003783
875,176,23.948994,37.998695
876,176,23.814329,38.079833
878,176,23.769371,38.109382
879,176,23.942896,38.002685
880,176,23.586445,38.051113
882,176,23.834728,38.117988
883,176,23.834502,38.013088
884,176,23.881371,37.990104
885,176,23.825568,38.013866
887,176,23.927761,37.885497
888,176,23.767416,38.036922
889,176,23.831217,38.062934
891,176,23.810215,38.011115
892,176,23.894335,37.906444
893,176,23.722691,38.018341
894,176,23.801294,38.017836
895,176,23.895136,37.980369
896,176,23.828369,38.116958
897,176,23.819618,38.090213
898,176,23.858549,38.007399
899,176,23.759745,38.065856
900,176,23.850145,38.039855
901,176,23.80966,38.01945
903,176,23.769262,38.10823
904,176,23.768561,38.108787
905,176,23.856852,38.032752
906,176,23.816799,38.012691
908,176,23.881292,37.990008
910,176,23.911599,37.868389
911,176,23.809189,38.094088
912,176,23.795513,38.096484
913,176,23.82909,38.116092
914,176,23.834807,38.122703
915,176,23.88087,37.989501
916,176,23.894565,37.904002
917,176,23.816875,38.103786
918,176,23.768639,38.108641
920,176,23.857186,38.002769
921,176,23.907406,37.870505
