863,177,23.809923,38.096595
862,177,23.956419,37.949027
864,177,23.826651,38.023013
865,177,23.85912,38.030822
866,177,23.844602,38.010585
867,177,23.88184,37.990577
869,177,23.833179,38.092952
870,177,23.830276,38.013785
870,177,23.830276,38.013785
872,177,23.842737,38.137813
873,177,23.884375,38.00381
874,177,23.873094,38.004867
875,177,23.949003,37.998523
876,177,23.81316,38.077933
878,177,23.814748,38.104427
879,177,23.920252,37.870162
880,177,23.585485,38.047401
882,177,23.850408,38.143024
883,177,23.832302,38.013549
884,177,23.829559,38.051891
885,177,23.859246,38.02933
887,177,23.881638,37.990348
888,177,23.769017,38.036101
889,177,23.835626,38.058829
891,177,23.85076,38.0261
892,177,23.891878,37.982509
893,177,23.714369,38.008895
894,177,23.807942,38.018771
895,177,23.898525,37.97818
896,177,23.840456,38.131831
897,177,23.818448,38.089221
898,177,23.917604,37.966934
899,177,23.818325,38.088855
900,177,23.811155,38.102801
901,177,23.83642,38.028514
903,177,23.792055,38.093025
904,177,23.767811,38.108836
905,177,23.838131,38.029289
906,177,23.815449,38.01234
908,177,23.881273,37.990008
910,177,23.765969,37.987281
911,177,23.80996,38.096629
912,177,23.840828,38.131202
913,177,23.835005,38.060966
914,177,23.764071,38.103957
915,177,23.881291,37.990123
916,177,23.921759,37.873298
917,177,23.753772,38.049243
918,177,23.768609,38.108851
920,177,23.880663,38.002094
921,177,23.908145,37.870486
