863,178,23.786167,38.084438
862,178,23.953259,37.945697
864,178,23.834086,38.013256
865,178,23.889797,38.004371
866,178,23.810203,38.011176
867,178,23.88184,37.990596
869,178,23.83375,38.092563
870,178,23.831076,38.013687
870,178,23.831076,38.013687
872,178,23.809606,38.083072
873,178,23.885164,38.004691
874,178,23.873502,38.004733
875,178,23.948984,37.998302
876,178,23.812179,38.076144
878,178,23.828338,38.116664
879,178,23.941566,38.002315
880,178,23.584606,38.043849
882,178,23.878565,38.102561
883,178,23.831713,38.013678
884,178,23.88132,37.990123
885,178,23.824346,38.013805
887,178,23.858016,38.002608
888,178,23.770447,38.035343
889,178,23.888485,38.246527
891,178,23.809546,38.010916
892,178,23.883281,37.933368
893,178,23.722565,38.018504
894,178,23.842899,38.054313
895,178,23.901895,37.976009
896,178,23.825819,38.114417
897,178,23.817759,38.08855
898,178,23.858559,38.007411
899,178,23.758705,38.064525
900,178,23.783113,38.091216
901,178,23.857113,38.009761
903,178,23.768636,38.108783
904,178,23.76857,38.108775
905,178,23.856222,38.034454
906,178,23.814878,38.01221
908,178,23.881064,37.989749
910,178,23.910998,37.868709
911,178,23.811059,38.099201
912,178,23.794693,38.095923
913,178,23.800495,38.081962
914,178,23.831087,38.118812
915,178,23.88125,37.990153
916,178,23.896105,37.960921
917,178,23.844961,38.139431
918,178,23.768643,38.108916
920,178,23.874016,37.991443
921,178,23.908747,37.870437
