863,179,23.832243,38.071612
862,179,23.950199,37.942565
864,179,23.82292,38.022293
865,179,23.842571,38.010684
866,179,23.861162,38.000343
867,179,23.881307,37.989879
869,179,23.834299,38.092113
870,179,23.834305,38.012996
870,179,23.834305,38.012996
872,179,23.840248,38.133102
873,179,23.885284,38.004882
874,179,23.877014,38.003799
875,179,23.949164,37.998381
876,179,23.812149,38.076144
878,179,23.752426,38.094294
879,179,23.919053,37.869312
880,179,23.584586,38.043708
882,179,23.836097,38.116526
883,179,23.831472,38.013739
884,179,23.82796,38.052501
885,179,23.858076,38.031322
887,179,23.837373,38.029685
888,179,23.770697,38.035182
889,179,23.832127,38.062495
891,179,23.850489,38.026191
892,179,23.91104,37.896297
893,179,23.840868,38.131263
894,179,23.869222,38.005687
895,179,23.904396,37.973449
896,179,23.840055,38.132453
897,179,23.817149,38.08773
898,179,23.921674,37.965942
899,179,23.786776,38.084568
900,179,23.853325,38.036495
901,179,23.81378,38.020389
903,179,23.73457,38.10514
904,179,23.76783,38.108725
905,179,23.853383,38.036532
906,179,23.814699,38.012179
908,179,23.881447,37.990054
910,179,23.764818,37.986682
911,179,23.8134,38.101661
912,179,23.841047,38.130931
913,179,23.828939,38.114822
914,179,23.763831,38.102046
915,179,23.881251,37.990233
916,179,23.894575,37.903991
917,179,23.755712,38.048122
918,179,23.768833,38.109256
920,179,23.871789,37.995467
921,179,23.908787,37.870437
