863,180,23.809873,38.096477
862,180,23.947709,37.940567
864,180,23.833854,38.013305
865,180,23.857038,38.031722
866,180,23.844523,38.010597
867,180,23.880487,37.989078
869,180,23.834849,38.091915
870,180,23.838394,38.011546
870,180,23.838394,38.011546
872,180,23.808247,38.082702
873,180,23.886074,38.005942
874,180,23.870993,38.005343
875,180,23.949333,37.998511
876,180,23.840843,38.131125
878,180,23.840087,38.131862
879,180,23.939475,38.001704
880,180,23.582027,38.044589
882,180,23.85039,38.143073
883,180,23.831282,38.013771
884,180,23.827849,38.052532
885,180,23.823476,38.013774
887,180,23.928861,37.886699
888,180,23.696131,38.019958
889,180,23.836867,38.058868
891,180,23.809036,38.010707
892,180,23.895048,37.91146
893,180,23.753668,38.066016
894,180,23.799774,38.017616
895,180,23.881308,37.990211
896,180,23.824349,38.114028
897,180,23.816528,38.085239
898,180,23.858688,38.00748
899,180,23.819296,38.089534
900,180,23.803566,38.099803
901,180,23.857813,38.009082
903,180,23.768581,38.10884
904,180,23.76782,38.108295
905,180,23.881172,37.989886
906,180,23.716429,37.95742
908,180,23.881044,37.989768
910,180,23.910427,37.868647
911,180,23.81463,38.102069
912,180,23.793682,38.094985
913,180,23.836134,38.060687
914,180,23.827917,38.115733
915,180,23.84515,38.01866
916,180,23.920738,37.870578
917,180,23.842111,38.14056
918,180,23.768904,38.109626
920,180,23.857216,38.002708
921,180,23.909277,37.870337
