863,181,23.841091,38.131038
862,181,23.94438,37.937045
864,181,23.81971,38.02167
865,181,23.892597,38.004371
866,181,23.808753,38.010695
867,181,23.880428,37.989039
869,181,23.834929,38.092426
870,181,23.842954,38.010596
870,181,23.842954,38.010596
872,181,23.840618,38.131663
873,181,23.886864,38.007251
874,181,23.880754,38.00373
875,181,23.949404,37.998542
876,181,23.812318,38.074794
878,181,23.813139,38.103675
879,181,23.918343,37.86872
880,181,23.576377,38.04713
882,181,23.883505,38.101661
883,181,23.8306,38.0139
884,181,23.826939,38.052772
885,181,23.856457,38.032061
887,181,23.881326,37.990097
888,181,23.770666,38.035152
889,181,23.889265,38.247547
891,181,23.848879,38.02671
892,181,23.894834,37.910754
893,181,23.72286,38.01847
894,181,23.807803,38.018821
895,181,23.881647,37.990429
896,181,23.841036,38.134303
897,181,23.815408,38.082859
898,181,23.922895,37.9663
899,181,23.758495,38.064235
900,181,23.782432,38.091586
901,181,23.838899,38.027514
903,181,23.791034,38.092013
904,181,23.768896,38.109901
905,181,23.837841,38.029406
906,181,23.881044,37.989966
908,181,23.881286,37.989994
910,181,23.764497,37.98659
911,181,23.81648,38.102797
912,181,23.841078,38.130912
913,181,23.800264,38.084281
914,181,23.76355,38.101027
915,181,23.84509,38.018531
916,181,23.893064,37.95777
917,181,23.816805,38.103587
918,181,23.769003,38.110144
920,181,23.881783,38.002364
921,181,23.908926,37.870017
