863,182,23.833303,38.070533
862,182,23.94054,37.932994
864,182,23.833225,38.013465
865,182,23.83843,38.011695
866,182,23.857912,38.00289
867,182,23.879139,37.989608
869,182,23.835008,38.093036
870,182,23.848165,38.009826
870,182,23.848165,38.009826
872,182,23.806317,38.082973
873,182,23.888454,38.008701
874,182,23.866752,38.006114
875,182,23.949093,37.998572
876,182,23.840184,38.131675
878,182,23.826069,38.114505
879,182,23.935596,38.000014
880,182,23.570559,38.0493
882,182,23.837208,38.115336
883,182,23.881151,37.990153
884,182,23.826469,38.052852
885,182,23.822387,38.013743
887,182,23.857946,38.00439
888,182,23.69643,38.020236
889,182,23.832876,38.062106
891,182,23.808487,38.010455
892,182,23.887789,37.985137
893,182,23.717248,38.009754
894,182,23.839969,38.055713
895,182,23.905497,37.970618
896,182,23.823809,38.11325
897,182,23.81502,38.082347
898,182,23.860078,38.00729
899,182,23.787525,38.084975
900,182,23.856585,38.034076
901,182,23.819169,38.02145
903,182,23.735889,38.103679
904,182,23.76782,38.107925
905,182,23.850622,38.039504
906,182,23.812948,38.01176
908,182,23.880974,37.989669
910,182,23.909557,37.868796
911,182,23.817992,38.106059
912,182,23.792832,38.093955
913,182,23.82716,38.11288
914,182,23.825367,38.113155
915,182,23.845011,38.018321
916,182,23.896595,37.902191
917,182,23.755442,38.047843
918,182,23.768852,38.110404
920,182,23.872576,37.989734
921,182,23.908497,37.869456
