863,184,23.840702,38.131477
862,184,23.932412,37.924464
864,184,23.831815,38.013774
865,184,23.896538,38.003681
866,184,23.808054,38.010326
867,184,23.873619,37.993709
869,184,23.835178,38.092994
870,184,23.857185,38.007835
870,184,23.857185,38.007835
872,184,23.840681,38.131405
873,184,23.893444,38.01081
874,184,23.862633,38.006904
875,184,23.948593,38.000651
876,184,23.839653,38.131583
878,184,23.809689,38.102214
879,184,23.930456,37.998183
880,184,23.558427,38.049922
882,184,23.887344,38.09941
883,184,23.881132,37.990142
884,184,23.825809,38.052921
885,184,23.822358,38.013743
887,184,23.930092,37.88832
888,184,23.697121,38.020015
889,184,23.890645,38.248546
891,184,23.808477,38.010455
892,184,23.906769,37.900115
893,184,23.756177,38.067058
894,184,23.797954,38.017417
895,184,23.881878,37.990539
896,184,23.823799,38.11325
897,184,23.814699,38.081497
898,184,23.8604,38.007251
899,184,23.758215,38.063834
900,184,23.781443,38.091777
901,184,23.857844,38.008361
903,184,23.736509,38.1025
904,184,23.76823,38.107715
905,184,23.837761,38.029468
906,184,23.881044,37.989936
908,184,23.879364,37.989459
910,184,23.908608,37.868896
911,184,23.824492,38.112289
912,184,23.78857,38.088435
913,184,23.800214,38.086562
914,184,23.822367,38.110293
915,184,23.84527,38.018062
916,184,23.888356,37.95655
917,184,23.816695,38.103366
918,184,23.768923,38.110404
920,184,23.883922,38.002056
921,184,23.907016,37.868785
