863,185,23.835364,38.070304
862,185,23.928381,37.920196
864,185,23.81222,38.020129
865,185,23.83493,38.013026
866,185,23.858122,38.005912
867,185,23.881331,37.990115
869,185,23.834987,38.092624
870,185,23.860125,38.007254
870,185,23.860125,38.007254
872,185,23.805816,38.082431
873,185,23.894594,38.010982
874,185,23.880354,37.997451
875,185,23.947622,38.001102
876,185,23.812049,38.072894
878,185,23.823399,38.113414
879,185,23.915722,37.867698
880,185,23.552708,38.048121
882,185,23.838398,38.114005
883,185,23.82987,38.01395
884,185,23.881371,37.990092
885,185,23.856867,38.033973
887,185,23.881326,37.990097
888,185,23.766945,38.035483
889,185,23.832996,38.062026
891,185,23.844217,38.028869
892,185,23.895249,37.91294
893,185,23.840887,38.130924
894,185,23.807013,38.018982
895,185,23.905857,37.96799
896,185,23.844276,38.138153
897,185,23.814579,38.081066
898,185,23.928316,37.970961
899,185,23.822676,38.093425
900,185,23.857004,38.033645
901,185,23.82457,38.022448
903,185,23.787226,38.091403
904,185,23.768711,38.108096
905,185,23.849681,38.040443
906,185,23.812347,38.01163
908,185,23.877454,37.990661
910,185,23.763967,37.98635
911,185,23.827721,38.115497
912,185,23.7854,38.084327
913,185,23.826,38.11087
914,185,23.76303,38.098339
915,185,23.84527,38.018062
916,185,23.901365,37.901401
917,185,23.754921,38.047092
918,185,23.767757,38.10929
920,185,23.870885,37.990104
921,185,23.906957,37.868747
