863,186,23.808974,38.092524
862,186,23.923722,37.916064
864,186,23.830925,38.013996
865,186,23.88155,37.991008
866,186,23.844212,38.010615
867,186,23.871189,37.995758
869,186,23.834788,38.091742
870,186,23.864624,38.006446
870,186,23.864624,38.006446
872,186,23.840849,38.130893
873,186,23.895393,38.011524
874,186,23.860723,38.007285
875,186,23.947262,38.001323
876,186,23.838693,38.129695
878,186,23.752166,38.094516
879,186,23.924366,37.997672
880,186,23.548437,38.046123
882,186,23.841086,38.130897
883,186,23.881202,37.990013
884,186,23.82567,38.052951
885,186,23.820877,38.013694
887,186,23.858437,38.00677
888,186,23.698012,38.019504
889,186,23.838586,38.055877
891,186,23.808298,38.010376
892,186,23.893894,37.915226
893,186,23.723739,38.019431
894,186,23.837798,38.058604
895,186,23.881869,37.990539
896,186,23.845427,38.139091
897,186,23.814529,38.080893
898,186,23.860779,38.008373
899,186,23.757705,38.063193
900,186,23.792205,38.093265
901,186,23.857513,38.007972
903,186,23.738409,38.102439
904,186,23.768089,38.108676
905,186,23.879843,37.989219
906,186,23.812237,38.011599
908,186,23.875336,37.99208
910,186,23.907596,37.868675
911,186,23.831201,38.118827
912,186,23.782341,38.080325
913,186,23.836034,38.059917
914,186,23.819267,38.107333
915,186,23.785315,38.00941
916,186,23.917969,37.868396
917,186,23.838044,38.140739
918,186,23.767277,38.109489
920,186,23.876009,37.991557
921,186,23.906928,37.868717
