863,187,23.840302,38.131809
862,187,23.916972,37.914073
864,187,23.810669,38.019809
865,187,23.857098,38.033374
866,187,23.807134,38.009875
867,187,23.881331,37.990115
869,187,23.834187,38.092204
870,187,23.869534,38.005508
870,187,23.869534,38.005508
872,187,23.839831,38.131835
873,187,23.897073,38.011776
874,187,23.881414,37.99356
875,187,23.946161,38.002261
876,187,23.81113,38.071254
878,187,23.838367,38.129111
879,187,23.914223,37.867198
880,187,23.548606,38.045604
882,187,23.887615,38.09806
883,187,23.82942,38.013961
884,187,23.88132,37.990112
885,187,23.854986,38.035354
887,187,23.836883,38.029273
888,187,23.765994,38.035762
889,187,23.891066,38.248824
891,187,23.843147,38.027137
892,187,23.883949,37.987289
893,187,23.718549,38.013915
894,187,23.862324,38.007026
895,187,23.906257,37.96601
896,187,23.823769,38.113169
897,187,23.814289,38.080005
898,187,23.931665,37.973693
899,187,23.824325,38.097644
900,187,23.780591,38.091666
901,187,23.84317,38.026416
903,187,23.784326,38.090842
904,187,23.76811,38.108786
905,187,23.88118,37.989845
906,187,23.880724,37.989516
908,187,23.874135,37.991561
910,187,23.763847,37.986209
911,187,23.835111,38.122828
912,187,23.778691,38.076774
913,187,23.800214,38.086581
914,187,23.764342,38.099159
915,187,23.84539,38.018073
916,187,23.883826,37.954211
917,187,23.816695,38.103366
918,187,23.767895,38.108695
920,187,23.884881,38.001914
921,187,23.906867,37.868648
