863,189,23.808874,38.091384
862,189,23.808412,38.060268
864,189,23.810379,38.019748
865,189,23.83256,38.013545
866,189,23.844201,38.010615
867,189,23.86941,37.99633
869,189,23.833906,38.092734
870,189,23.879723,38.003806
870,189,23.879723,38.003806
872,189,23.840919,38.130843
873,189,23.901974,38.012805
874,189,23.882164,37.990749
875,189,23.943293,38.00275
876,189,23.8111,38.069392
878,189,23.821988,38.110695
879,189,23.912523,37.866927
880,189,23.548696,38.045295
882,189,23.849909,38.143592
883,189,23.828181,38.013949
884,189,23.824749,38.053314
885,189,23.852417,38.037612
887,189,23.858566,38.00724
888,189,23.765976,38.035564
889,189,23.839136,38.053645
891,189,23.842207,38.027519
892,189,23.900919,37.901435
893,189,23.841088,38.131053
894,189,23.803173,38.018192
895,189,23.904888,37.963931
896,189,23.823049,38.11161
897,189,23.813099,38.078006
898,189,23.934055,37.977141
899,189,23.825346,38.100104
900,189,23.856504,38.032264
901,189,23.84656,38.025325
903,189,23.781027,38.091651
904,189,23.767839,38.108775
905,189,23.879692,37.989249
906,189,23.880134,37.989055
908,189,23.870925,37.990093
910,189,23.764557,37.98595
911,189,23.839752,38.131751
912,189,23.769489,38.072643
913,189,23.835755,38.059147
914,189,23.766482,38.101477
915,189,23.84563,38.018172
916,189,23.916189,37.867775
917,189,23.837344,38.140918
918,189,23.768623,38.107055
920,189,23.87929,37.989428
921,189,23.909258,37.870509
