863,190,23.839502,38.131419
862,190,23.903961,37.909374
864,190,23.829923,38.014049
865,190,23.881568,37.990996
866,190,23.806835,38.009727
867,190,23.88126,37.989974
869,190,23.815471,38.041492
870,190,23.881297,37.990081
870,190,23.881297,37.990081
872,190,23.83881,38.130115
873,190,23.901743,38.014087
874,190,23.855354,38.008537
875,190,23.940203,38.001869
876,190,23.835993,38.124046
878,190,23.752866,38.095656
879,190,23.912886,38.000304
880,190,23.548946,38.045165
882,190,23.841046,38.130897
883,190,23.827471,38.01395
884,190,23.824739,38.053695
885,190,23.817637,38.012904
887,190,23.836683,38.028964
888,190,23.698193,38.019874
889,190,23.890926,38.248954
891,190,23.805739,38.009166
892,190,23.893167,37.916518
893,190,23.757888,38.06776
894,190,23.83593,38.058746
895,190,23.901728,37.963012
896,190,23.844505,38.140578
897,190,23.812208,38.076435
898,190,23.860568,38.01253
899,190,23.756087,38.059272
900,190,23.791145,38.092025
901,190,23.857473,38.007972
903,190,23.741869,38.101817
904,190,23.768896,38.109832
905,190,23.88112,37.989814
906,190,23.809526,38.010921
908,190,23.870127,37.990882
910,190,23.906707,37.868575
911,190,23.839993,38.131851
912,190,23.764629,38.070694
913,190,23.799525,38.087802
914,190,23.815968,38.102542
915,190,23.847101,38.017833
916,190,23.878536,37.953563
917,190,23.816533,38.103034
918,190,23.767477,38.110251
920,190,23.884481,38.003104
921,190,23.908848,37.870471
