863,191,23.841602,38.068584
862,191,23.808243,38.060237
864,191,23.810009,38.01971
865,191,23.856047,38.034602
866,191,23.858561,38.007454
867,191,23.86589,37.998291
869,191,23.832506,38.093265
870,191,23.880672,38.002178
870,191,23.880672,38.002178
872,191,23.836991,38.126205
873,191,23.901882,38.015476
874,191,23.881874,37.990558
875,191,23.936034,38.000167
876,191,23.8107,38.067481
878,191,23.837187,38.126582
879,191,23.910802,37.866756
880,191,23.548558,38.045375
882,191,23.886095,38.096912
883,191,23.826481,38.013912
884,191,23.825209,38.054607
885,191,23.849916,38.040271
887,191,23.932843,37.887111
888,191,23.769865,38.035022
889,191,23.833906,38.061557
891,191,23.839478,38.028708
892,191,23.891375,37.919437
893,191,23.724649,38.02066
894,191,23.860705,38.007305
895,191,23.900408,37.962444
896,191,23.820019,38.108668
897,191,23.765283,38.112914
898,191,23.934866,37.981323
899,191,23.825645,38.101622
900,191,23.779982,38.091567
901,191,23.82947,38.023456
903,191,23.777907,38.090972
904,191,23.768259,38.107665
905,191,23.847252,38.042071
906,191,23.716358,37.957358
908,191,23.881456,37.990112
910,191,23.764047,37.985148
911,191,23.840673,38.131622
912,191,23.761589,38.069515
913,191,23.826139,38.10839
914,191,23.769731,38.101077
915,191,23.847601,38.017753
916,191,23.911246,37.896122
917,191,23.836254,38.141486
918,191,23.767824,38.108054
920,191,23.870396,37.991184
921,191,23.907188,37.870262
