863,193,23.838133,38.128649
862,193,23.808363,38.060225
864,193,23.809149,38.019489
865,193,23.830139,38.014007
866,193,23.85638,38.008182
867,193,23.861851,38.00003
869,193,23.830705,38.094615
870,193,23.880164,37.998385
870,193,23.880164,37.998385
872,193,23.733208,38.103919
873,193,23.900772,38.016044
874,193,23.881874,37.990539
875,193,23.928033,37.997924
876,193,23.809679,38.06565
878,193,23.819248,38.108066
879,193,23.911172,37.867385
880,193,23.548408,38.045394
882,193,23.848358,38.145182
883,193,23.825701,38.0139
884,193,23.82581,38.056869
885,193,23.976861,38.014304
887,193,23.836403,38.028533
888,193,23.771145,38.034782
889,193,23.890908,38.248855
891,193,23.838466,38.02914
892,193,23.89101,37.936057
893,193,23.730166,38.032848
894,193,23.801453,38.017833
895,193,23.900497,37.959544
896,193,23.816078,38.10501
897,193,23.765224,38.112365
898,193,23.935035,37.985324
899,193,23.825815,38.103374
900,193,23.873302,38.213825
901,193,23.848758,38.024974
903,193,23.776686,38.091083
904,193,23.769047,38.110233
905,193,23.844212,38.043792
906,193,23.808977,38.010669
908,193,23.881567,37.990172
910,193,23.762126,37.983367
911,193,23.841003,38.131172
912,193,23.759899,38.069064
913,193,23.797045,38.090873
914,193,23.774101,38.100128
915,193,23.84929,38.017672
916,193,23.873236,37.952422
917,193,23.835723,38.140815
918,193,23.768314,38.107753
920,193,23.884451,38.003405
921,193,23.850542,37.981254
