863,194,23.841503,38.067435
862,194,23.894921,37.903613
864,194,23.829134,38.014049
865,194,23.881738,37.990916
866,194,23.837446,38.029628
867,194,23.87866,37.989932
869,194,23.81615,38.041881
870,194,23.881353,37.993907
870,194,23.881353,37.993907
872,194,23.830811,38.118495
873,194,23.835399,38.050223
874,194,23.845724,38.010299
875,194,23.923623,37.997665
876,194,23.829973,38.117687
878,194,23.753866,38.097126
879,194,23.981033,38.078811
880,194,23.858363,38.131549
882,194,23.884605,38.09579
883,194,23.824901,38.013861
884,194,23.826019,38.05738
885,194,23.847836,38.041801
887,194,23.935013,37.886271
888,194,23.698232,38.019965
889,194,23.834735,38.061176
891,194,23.804828,38.008747
892,194,23.895738,37.902873
893,194,23.762209,38.06948
894,194,23.836099,38.059997
895,194,23.900577,37.958453
896,194,23.847065,38.143909
897,194,23.812457,38.073852
898,194,23.860338,38.015742
899,194,23.754575,38.057231
900,194,23.858204,38.031284
901,194,23.829929,38.023548
903,194,23.74766,38.097617
904,194,23.769129,38.107654
905,194,23.841893,38.045001
906,194,23.716117,37.95713
908,194,23.881261,37.990039
910,194,23.761597,37.982757
911,194,23.841063,38.130999
912,194,23.759898,38.067344
913,194,23.826238,38.10609
914,194,23.776642,38.100688
915,194,23.852011,38.017543
916,194,23.915994,37.893123
917,194,23.816313,38.102756
918,194,23.767668,38.110602
920,194,23.871747,37.992603
921,194,23.850022,37.981945
