863,196,23.836273,38.124728
862,196,23.89172,37.900924
864,196,23.828934,38.014018
865,196,23.907038,38.002639
866,196,23.85235,38.009162
867,196,23.87649,37.991343
869,196,23.814541,38.04288
870,196,23.881283,37.990276
870,196,23.881283,37.990276
872,196,23.805754,38.082225
873,196,23.835581,38.051093
874,196,23.836162,38.012729
875,196,23.913793,37.999827
876,196,23.827284,38.115065
878,196,23.797098,38.097262
879,196,23.911463,37.868484
880,196,23.851494,38.13013
882,196,23.846248,38.143062
883,196,23.823172,38.013793
884,196,23.88145,37.99018
885,196,23.847836,38.041801
887,196,23.836273,38.028361
888,196,23.698112,38.020057
889,196,23.835466,38.060855
891,196,23.804129,38.008445
892,196,23.887724,37.922385
893,196,23.725349,38.022529
894,196,23.794924,38.019249
895,196,23.900276,37.955535
896,196,23.849054,38.146048
897,196,23.811148,38.071601
898,196,23.860477,38.018142
899,196,23.752975,38.05503
900,196,23.778662,38.091208
901,196,23.856193,38.007129
903,196,23.749929,38.095989
904,196,23.770118,38.107635
905,196,23.837611,38.029586
906,196,23.808486,38.010398
908,196,23.881607,37.990173
910,196,23.761518,37.982418
911,196,23.841043,38.130939
912,196,23.759579,38.065715
913,196,23.796135,38.092102
914,196,23.787012,38.08475
915,196,23.85556,38.01068
916,196,23.867786,37.952144
917,196,23.816192,38.102676
918,196,23.767698,38.111011
920,196,23.883831,38.003443
921,196,23.849911,37.984207
