863,200,23.839484,38.065715
862,200,23.883138,37.892871
864,200,23.828184,38.014007
865,200,23.910877,38.002478
866,200,23.84775,38.009993
867,200,23.873991,37.993133
869,200,23.809231,38.044971
870,200,23.881382,37.990153
870,200,23.881382,37.990153
872,200,23.825139,38.112944
873,200,23.901792,38.015743
874,200,23.820433,38.013667
875,200,23.899683,38.003134
876,200,23.821064,38.109076
878,200,23.793338,38.094692
879,200,23.982763,38.075179
880,200,23.837094,38.12606
882,200,23.886015,38.094287
883,200,23.819052,38.013274
884,200,23.8813,37.990088
885,200,23.814676,38.012092
887,200,23.938143,37.88597
888,200,23.776356,38.03168
889,200,23.836195,38.060336
891,200,23.803228,38.008125
892,200,23.886307,37.922458
893,200,23.725799,38.02404
894,200,23.793563,38.021117
895,200,23.898506,37.952098
896,200,23.854194,38.15121
897,200,23.810607,38.067523
898,200,23.860227,38.021274
899,200,23.752035,38.051818
900,200,23.790455,38.092082
901,200,23.830579,38.023647
903,200,23.752239,38.094936
904,200,23.771019,38.108394
905,200,23.839861,38.048622
906,200,23.807969,38.010211
908,200,23.864535,37.999004
910,200,23.757219,37.980888
911,200,23.840442,38.13185
912,200,23.757838,38.063423
913,200,23.825797,38.10197
914,200,23.782021,38.101397
915,200,23.85522,38.007167
916,200,23.923504,37.88708
917,200,23.816082,38.102615
918,200,23.768713,38.106772
920,200,23.870275,37.995749
921,200,23.854872,37.984714
