863,205,23.827812,38.115588
862,205,23.872169,37.88076
864,205,23.803219,38.018196
865,205,23.828859,38.014045
866,205,23.839703,38.011184
867,205,23.87112,37.995803
869,205,23.825508,38.099776
870,205,23.881765,37.991851
870,205,23.881765,37.991851
872,205,23.735168,38.104259
873,205,23.83857,38.051536
874,205,23.804653,38.008654
875,205,23.884071,38.003517
876,205,23.811098,38.053752
878,205,23.814747,38.104526
879,205,23.981037,38.078788
880,205,23.840925,38.131217
882,205,23.842447,38.137191
883,205,23.862564,37.951583
884,205,23.880521,37.989203
885,205,23.813875,38.01192
887,205,23.848286,38.009853
888,205,23.782646,38.027881
889,205,23.847958,38.056629
891,205,23.837637,38.029487
892,205,23.883747,37.925807
893,205,23.724291,38.020286
894,205,23.791013,38.023109
895,205,23.881227,37.990112
896,205,23.788779,38.088748
897,205,23.760119,38.106052
898,205,23.941555,38.002147
899,205,23.829074,38.115214
900,205,23.776982,38.091018
901,205,23.830931,38.023738
903,205,23.772557,38.092601
904,205,23.768471,38.108832
905,205,23.837271,38.0297
906,205,23.807848,38.01012
908,205,23.882147,37.991062
910,205,23.753197,37.976085
911,205,23.832363,38.120261
912,205,23.755176,38.060222
913,205,23.794075,38.097339
914,205,23.809187,38.093505
915,205,23.865013,37.998756
916,205,23.91029,37.868644
917,205,23.849737,38.144256
918,205,23.768543,38.108775
920,205,23.877529,38.003826
921,205,23.863154,37.985198
