863,206,23.837082,38.063045
862,206,23.868469,37.877761
864,206,23.826704,38.013946
865,206,23.878667,37.989864
866,206,23.837126,38.029884
867,206,23.857769,38.007709
869,206,23.808321,38.048057
870,206,23.881065,37.994411
870,206,23.881065,37.994411
872,206,23.840969,38.131144
873,206,23.898543,38.011889
874,206,23.800613,38.007216
875,206,23.882242,38.003715
876,206,23.816353,38.102786
878,206,23.758166,38.103328
879,206,23.909433,37.868827
880,206,23.840974,38.131107
882,206,23.886706,38.093898
883,206,23.81163,38.011325
884,206,23.881661,37.990306
885,206,23.839565,38.046641
887,206,23.835573,38.027541
888,206,23.784515,38.026732
889,206,23.835874,38.059284
891,206,23.802067,38.007655
892,206,23.885894,37.928039
893,206,23.738317,38.045848
894,206,23.794194,38.020195
895,206,23.880298,37.989028
896,206,23.856934,38.160922
897,206,23.808948,38.061592
898,206,23.859277,38.028216
899,206,23.751116,38.049785
900,206,23.877585,38.006759
901,206,23.856844,38.002876
903,206,23.768687,38.108672
904,206,23.769116,38.11077
905,206,23.839571,38.050853
906,206,23.858227,37.971481
908,206,23.856514,38.003123
910,206,23.752796,37.975894
911,206,23.830094,38.11875
912,206,23.840705,38.131523
913,206,23.825508,38.09999
914,206,23.789511,38.115241
915,206,23.868713,37.996708
916,206,23.881928,37.99052
917,206,23.830105,38.142097
918,206,23.769903,38.106383
920,206,23.867525,37.997379
921,206,23.864924,37.98632
