863,208,23.825382,38.113189
862,208,23.865959,37.876113
864,208,23.826575,38.013866
865,208,23.916828,37.999
866,208,23.84387,38.010653
867,208,23.868931,37.996623
869,208,23.808201,38.048636
870,208,23.880325,38.000651
870,208,23.880325,38.000651
872,208,23.736019,38.10369
873,208,23.895012,38.0116
874,208,23.792814,38.003616
875,208,23.881732,38.003757
876,208,23.810228,38.051944
878,208,23.791057,38.09196
879,208,23.884515,38.003634
880,208,23.841034,38.131004
882,208,23.849487,38.114295
883,208,23.8092,38.010684
884,208,23.880231,37.989005
885,208,23.839926,38.047923
887,208,23.880867,37.989505
888,208,23.787725,38.024814
889,208,23.835745,38.058882
891,208,23.801546,38.007476
892,208,23.89587,37.946518
893,208,23.72715,38.026783
894,208,23.858283,38.006389
895,208,23.881258,37.99005
896,208,23.856545,38.164363
897,208,23.808519,38.05836
898,208,23.859167,38.030338
899,208,23.829395,38.116645
900,208,23.859554,38.02468
901,208,23.831242,38.023799
903,208,23.769956,38.092262
904,208,23.769097,38.11069
905,208,23.837261,38.0297
906,208,23.860876,37.973289
908,208,23.855484,38.003635
910,208,23.752367,37.975772
911,208,23.826003,38.114544
912,208,23.753557,38.058383
913,208,23.795666,38.09661
914,208,23.790871,38.12012
915,208,23.874883,37.992355
916,208,23.924774,37.886772
917,208,23.829464,38.142688
918,208,23.76785,38.10876
920,208,23.864675,37.998908
921,208,23.868624,37.99018
