863,209,23.837002,38.062595
862,209,23.863288,37.874542
864,209,23.802177,38.017887
865,209,23.828339,38.014057
866,209,23.839511,38.011264
867,209,23.855,38.008621
869,209,23.825987,38.104137
870,209,23.880615,38.003261
870,209,23.880615,38.003261
872,209,23.840988,38.131107
873,209,23.839449,38.047153
874,209,23.789743,38.001964
875,209,23.880123,38.003757
876,209,23.816192,38.102656
878,209,23.811947,38.103145
879,209,23.981056,38.078559
880,209,23.841133,38.130943
882,209,23.840837,38.13404
883,209,23.861873,37.951472
884,209,23.881621,37.990325
885,209,23.839775,38.049625
887,209,23.845226,38.010341
888,209,23.85837,38.131523
889,209,23.851097,38.055316
891,209,23.837418,38.029586
892,209,23.894979,37.911273
893,209,23.72507,38.021747
894,209,23.860233,38.016475
895,209,23.879778,37.989219
896,209,23.782318,38.080428
897,209,23.756128,38.100379
898,209,23.945524,38.002807
899,209,23.752235,38.049186
900,209,23.77671,38.091079
901,209,23.857077,38.009742
903,209,23.768257,38.108691
904,209,23.769037,38.110862
905,209,23.838341,38.051451
906,209,23.870844,37.994766
908,209,23.881187,37.994502
910,209,23.752358,37.975761
911,209,23.824232,38.113994
912,209,23.753326,38.058112
913,209,23.825187,38.099632
914,209,23.809335,38.088462
915,209,23.879253,37.989493
916,209,23.90897,37.868945
917,209,23.840016,38.13177
918,209,23.768167,38.112708
920,209,23.870199,38.005504
921,209,23.871165,37.98997
