863,212,23.839382,38.061984
862,212,23.855118,37.869262
864,212,23.825924,38.013854
865,212,23.918178,37.99863
866,212,23.84356,38.012374
867,212,23.881283,37.990088
869,212,23.81023,38.051727
870,212,23.878355,38.003761
870,212,23.878355,38.003761
872,212,23.840908,38.131015
873,212,23.891221,38.010189
874,212,23.783854,38.00267
875,212,23.877672,38.003807
876,212,23.841043,38.131091
878,212,23.788747,38.09135
879,212,23.884337,38.003596
880,212,23.841093,38.131153
882,212,23.852447,38.113185
883,212,23.80779,38.010055
884,212,23.87421,37.991626
885,212,23.813144,38.01173
887,212,23.880867,37.989486
888,212,23.85857,38.131824
889,212,23.838283,38.057384
891,212,23.797457,38.006366
892,212,23.881171,37.98978
893,212,23.727439,38.027511
894,212,23.82542,38.066447
895,212,23.892685,37.939925
896,212,23.855475,38.17205
897,212,23.811199,38.056541
898,212,23.856727,38.031761
899,212,23.755155,38.048065
900,212,23.859554,38.02468
901,212,23.857937,38.008502
903,212,23.767856,38.108413
904,212,23.768587,38.110949
905,212,23.873098,37.990203
906,212,23.870345,37.995814
908,212,23.854244,38.005325
910,212,23.751797,37.97567
911,212,23.819193,38.107833
912,212,23.839367,38.13116
913,212,23.824558,38.09841
914,212,23.795268,38.125121
915,212,23.784925,38.009349
916,212,23.924965,37.886962
917,212,23.840315,38.1328
918,212,23.769773,38.105212
920,212,23.859415,38.001571
921,212,23.874895,37.992275
