863,214,23.819242,38.10736
862,214,23.848498,37.863445
864,214,23.825905,38.013866
865,214,23.875507,37.993366
866,214,23.834365,38.029125
867,214,23.865632,37.998446
869,214,23.81047,38.052238
870,214,23.871815,38.005198
870,214,23.871815,38.005198
872,214,23.739548,38.102397
873,214,23.888471,38.008827
874,214,23.783774,38.002708
875,214,23.874323,38.004497
876,214,23.808029,38.049205
878,214,23.760635,38.106926
879,214,23.907703,37.868644
880,214,23.840214,38.131862
882,214,23.886967,38.093737
883,214,23.80755,38.009955
884,214,23.872489,37.989765
885,214,23.813135,38.01173
887,214,23.842787,38.01062
888,214,23.795435,38.018234
889,214,23.838573,38.055163
891,214,23.795926,38.005805
892,214,23.893598,37.915774
893,214,23.745056,38.053149
894,214,23.860373,38.019694
895,214,23.891535,37.937457
896,214,23.855163,38.176028
897,214,23.81127,38.05424
898,214,23.856727,38.031771
899,214,23.835097,38.122695
900,214,23.878294,38.007598
901,214,23.857576,38.008144
903,214,23.768026,38.092528
904,214,23.768927,38.11095
905,214,23.8331,38.05112
906,214,23.864256,37.976725
908,214,23.853634,38.006774
910,214,23.750856,37.97549
911,214,23.809893,38.102264
912,214,23.836207,38.12477
913,214,23.802364,38.099261
914,214,23.798269,38.119731
915,214,23.784195,38.009379
916,214,23.882708,37.98862
917,214,23.828735,38.143581
918,214,23.7678,38.107829
920,214,23.857916,38.0027
921,214,23.880226,37.988982
