863,215,23.840163,38.061206
862,215,23.845108,37.861495
864,215,23.800837,38.016787
865,215,23.841896,38.045013
866,215,23.844039,38.015064
867,215,23.84751,38.009979
869,215,23.826569,38.111861
870,215,23.868755,38.005748
870,215,23.868755,38.005748
872,215,23.815699,38.102531
873,215,23.843449,38.044154
874,215,23.881325,37.990028
875,215,23.872282,38.005088
876,215,23.807798,38.048316
878,215,23.824746,38.114112
879,215,23.982444,38.059711
880,215,23.840373,38.133082
882,215,23.840803,38.131332
883,215,23.867594,37.94007
884,215,23.872854,37.9948
885,215,23.837854,38.051425
887,215,23.835304,38.027263
888,215,23.797125,38.017413
889,215,23.855968,38.056877
891,215,23.836448,38.028682
892,215,23.882529,37.932228
893,215,23.786958,38.085819
894,215,23.789474,38.02389
895,215,23.874908,37.992339
896,215,23.781138,38.078277
897,215,23.763828,38.098151
898,215,23.947813,38.000953
899,215,23.757706,38.046455
900,215,23.857052,38.202796
901,215,23.83317,38.02484
903,215,23.767857,38.107833
904,215,23.769007,38.110149
905,215,23.871047,37.989963
906,215,23.869674,37.996223
908,215,23.880589,38.000976
910,215,23.750757,37.975471
911,215,23.804533,38.100135
912,215,23.833147,38.121051
913,215,23.824078,38.09661
914,215,23.812777,38.088199
915,215,23.881014,37.989631
916,215,23.865677,37.946711
917,215,23.815832,38.102523
918,215,23.769256,38.112548
920,215,23.858036,38.002307
921,215,23.881286,37.990032
