863,220,23.816254,38.102691
862,220,23.829187,37.850059
864,220,23.824564,38.013843
865,220,23.823868,38.013877
866,220,23.837891,38.012012
867,220,23.881872,37.990566
869,220,23.808988,38.060741
870,220,23.853567,38.009021
870,220,23.853567,38.009021
872,220,23.811947,38.100169
873,220,23.885151,38.004806
874,220,23.779253,38.001387
875,220,23.860952,38.007228
876,220,23.807589,38.047366
878,220,23.780918,38.09172
879,220,23.882555,38.003776
880,220,23.845513,38.13954
882,220,23.840898,38.131144
883,220,23.872275,37.92826
884,220,23.866289,37.988422
885,220,23.831686,38.051314
887,220,23.835014,38.026943
888,220,23.809164,38.01932
889,220,23.838584,38.051646
891,220,23.795337,38.005473
892,220,23.879058,37.935538
893,220,23.728509,38.029948
894,220,23.786575,38.025779
895,220,23.887835,37.933208
896,220,23.853485,38.184959
897,220,23.8081,38.049098
898,220,23.857097,38.03374
899,220,23.837303,38.12694
900,220,23.860163,38.02045
901,220,23.857236,38.007174
903,220,23.769785,38.093826
904,220,23.768467,38.108569
905,220,23.82732,38.052631
906,220,23.862884,37.999652
908,220,23.853245,38.009002
910,220,23.748235,37.975009
911,220,23.790285,38.090736
912,220,23.826656,38.112014
913,220,23.810385,38.102488
914,220,23.806198,38.105575
915,220,23.791256,38.01551
916,220,23.925165,37.887111
917,220,23.842634,38.13731
918,220,23.769178,38.10773
920,220,23.856808,38.008087
921,220,23.881396,37.990005
