863,225,23.837803,38.058807
862,225,23.816868,37.841979
864,225,23.795394,38.011169
865,225,23.839887,38.047824
866,225,23.833585,38.026473
867,225,23.858043,38.005146
869,225,23.836248,38.124644
870,225,23.881792,37.990905
870,225,23.881792,37.990905
872,225,23.807163,38.085467
873,225,23.85661,38.032436
874,225,23.873884,37.991237
875,225,23.860344,38.017719
876,225,23.810522,38.098571
878,225,23.795687,38.096629
879,225,23.907283,37.868656
880,225,23.844892,38.140117
882,225,23.865009,38.106303
883,225,23.806771,38.009604
884,225,23.858526,38.006946
885,225,23.824147,38.053538
887,225,23.834355,38.026352
888,225,23.855781,38.131053
889,225,23.856388,38.060936
891,225,23.793469,38.004112
892,225,23.90037,37.956962
893,225,23.726961,38.026481
894,225,23.784404,38.026149
895,225,23.884266,37.935199
896,225,23.853485,38.193988
897,225,23.776138,38.100573
898,225,23.949003,37.998454
899,225,23.840647,38.131514
900,225,23.774472,38.092468
901,225,23.855678,38.006126
903,225,23.765772,38.106875
904,225,23.768791,38.107715
905,225,23.870256,37.995734
906,225,23.858024,38.002581
908,225,23.884887,38.001853
910,225,23.747967,37.974948
911,225,23.779814,38.077201
912,225,23.826605,38.103446
913,225,23.840084,38.04681
914,225,23.816366,38.086158
915,225,23.795769,38.01781
916,225,23.889357,37.984241
917,225,23.755071,38.046585
918,225,23.770576,38.111797
920,225,23.858066,38.005782
921,225,23.877617,37.99058
