863,227,23.816064,38.102642
862,227,23.814619,37.840629
864,227,23.793856,38.01131
865,227,23.870449,37.996055
866,227,23.848841,38.023967
867,227,23.858493,38.006934
869,227,23.837948,38.128184
870,227,23.881462,37.991237
870,227,23.881462,37.991237
872,227,23.752138,38.094695
873,227,23.85647,38.032245
874,227,23.872025,37.989825
875,227,23.859774,38.022929
876,227,23.806209,38.045375
878,227,23.817457,38.10646
879,227,23.880764,38.003295
880,227,23.845232,38.138644
882,227,23.838004,38.128372
883,227,23.881168,37.989951
884,227,23.858607,38.007278
885,227,23.822277,38.052311
887,227,23.878567,37.989936
888,227,23.853741,38.130645
889,227,23.856438,38.060955
891,227,23.793139,38.003852
892,227,23.865906,37.946502
893,227,23.790018,38.090587
894,227,23.820961,38.073108
895,227,23.84604,37.966918
896,227,23.855996,38.199741
897,227,23.778708,38.100295
898,227,23.949043,37.998416
899,227,23.760296,38.042903
900,227,23.860023,38.012462
901,227,23.881321,37.98997
903,227,23.769906,38.106292
904,227,23.767881,38.108375
905,227,23.82094,38.052356
906,227,23.867167,37.989147
908,227,23.884657,38.002475
910,227,23.747957,37.974547
911,227,23.782663,38.080169
912,227,23.827036,38.101387
913,227,23.821266,38.091628
914,227,23.816157,38.084117
915,227,23.79981,38.017307
916,227,23.924484,37.88689
917,227,23.845536,38.139521
918,227,23.770536,38.111415
920,227,23.866815,37.997748
921,227,23.874025,37.991424
