863,229,23.838413,38.057037
862,229,23.807939,37.836528
864,229,23.792655,38.011371
865,229,23.816208,38.012618
866,229,23.834014,38.026183
867,229,23.858574,38.007285
869,229,23.839897,38.131842
870,229,23.881492,37.991607
870,229,23.881492,37.991607
872,229,23.808976,38.092319
873,229,23.85659,38.031837
874,229,23.869425,37.990527
875,229,23.859653,38.02365
876,229,23.839893,38.13185
878,229,23.792656,38.09384
879,229,23.906824,37.868537
880,229,23.841521,38.135543
882,229,23.733418,38.105117
883,229,23.874605,37.914348
884,229,23.857326,38.007796
885,229,23.818787,38.052459
887,229,23.834144,38.026153
888,229,23.849861,38.129806
889,229,23.856348,38.061313
891,229,23.793058,38.003784
892,229,23.90057,37.959281
893,229,23.727711,38.028079
894,229,23.782184,38.02523
895,229,23.86546,37.987045
896,229,23.859066,38.20386
897,229,23.779538,38.100406
898,229,23.843849,38.044074
899,229,23.840957,38.131183
900,229,23.853813,38.188582
901,229,23.842962,38.026554
903,229,23.771195,38.095267
904,229,23.768451,38.108825
905,229,23.836481,38.028651
906,229,23.806379,38.009391
908,229,23.884477,38.003276
910,229,23.906867,37.868564
911,229,23.785843,38.084308
912,229,23.824276,38.097663
913,229,23.821667,38.110339
914,229,23.814896,38.082187
915,229,23.80213,38.017639
916,229,23.883498,37.931243
917,229,23.844536,38.14067
918,229,23.770738,38.108519
920,229,23.858147,38.006023
921,229,23.870577,37.99021
