863,23,23.854414,38.189925
862,23,23.871904,38.003329
864,23,23.865034,37.998672
865,23,23.967431,38.134918
866,23,23.880686,38.001658
867,23,23.881525,37.990333
869,23,23.837957,38.128104
870,23,23.857942,38.00267
872,23,23.824571,38.113986
873,23,23.88139,37.991679
874,23,23.856034,38.008304
875,23,23.773491,38.033057
876,23,23.74868,38.08562
878,23,23.836256,38.124713
879,23,23.965275,38.008502
880,23,23.786223,38.090861
882,23,23.840988,38.131163
883,23,23.874107,37.992808
884,23,23.745463,38.014907
885,23,23.881422,37.99348
887,23,23.881514,37.990211
888,23,23.836307,38.12474
889,23,23.839803,38.131256
891,23,23.898579,37.978168
892,23,23.920626,37.889995
893,23,23.712257,38.009986
894,23,23.878555,38.003867
895,23,23.845085,37.966937
896,23,23.840906,38.131228
897,23,23.759838,38.066257
898,23,23.858692,38.002067
899,23,23.82504,38.099524
900,23,23.820374,38.078227
901,23,23.741361,38.025054
903,23,23.757299,38.102241
904,23,23.76799,38.108645
905,23,23.871728,37.992542
906,23,23.874853,37.992278
908,23,23.874592,37.992194
910,23,23.881323,37.990047
911,23,23.808977,38.090297
912,23,23.840613,38.131191
913,23,23.840788,38.131431
914,23,23.751078,38.086665
915,23,23.88113,37.990276
916,23,23.871458,37.995593
917,23,23.772616,38.092651
918,23,23.759077,38.104686
920,23,23.881219,37.989886
921,23,23.880323,37.989135
