863,232,23.831117,38.140975
862,232,23.803961,37.834018
864,232,23.818134,38.012977
865,232,23.813007,38.011878
866,232,23.833506,38.025272
867,232,23.83384,38.013198
869,232,23.812308,38.073093
870,232,23.821106,38.013724
870,232,23.821106,38.013724
872,232,23.809217,38.089797
873,232,23.88141,38.003795
874,232,23.865045,37.986377
875,232,23.851013,38.026
876,232,23.839043,38.130432
878,232,23.774637,38.092399
879,232,23.982195,38.060211
880,232,23.839559,38.131324
882,232,23.734817,38.104766
883,232,23.802919,38.007926
884,232,23.853601,37.990829
885,232,23.812268,38.004821
887,232,23.828907,38.013949
888,232,23.833654,38.0256
889,232,23.850076,38.040012
891,232,23.793046,38.003531
892,232,23.863445,37.949131
893,232,23.731781,38.034831
894,232,23.858541,38.007377
895,232,23.864679,37.986064
896,232,23.869175,38.207809
897,232,23.80447,38.043345
898,232,23.856578,38.009375
899,232,23.829162,38.117027
900,232,23.851084,38.188755
901,232,23.846413,38.025325
903,232,23.770424,38.096046
904,232,23.768621,38.108863
905,232,23.836481,38.028632
906,232,23.806169,38.009292
908,232,23.886267,38.003627
910,232,23.906867,37.868602
911,232,23.786013,38.084536
912,232,23.763017,38.041694
913,232,23.824408,38.114051
914,232,23.820028,38.108757
915,232,23.803559,38.018031
916,232,23.885187,37.927344
917,232,23.809381,38.094482
918,232,23.769003,38.110103
920,232,23.846058,38.010242
921,232,23.870326,37.995155
