863,235,23.830667,38.140125
862,235,23.802702,37.832878
864,235,23.790577,38.008441
865,235,23.810818,38.011439
866,235,23.832596,38.025161
867,235,23.82636,38.013919
869,235,23.840946,38.131095
870,235,23.807806,38.010154
870,235,23.807806,38.010154
872,235,23.809347,38.088878
873,235,23.859708,38.024429
874,235,23.856186,37.98976
875,235,23.845043,38.028628
876,235,23.837472,38.127143
878,235,23.814697,38.104579
879,235,23.880354,37.997516
880,235,23.840168,38.131214
882,235,23.736167,38.103336
883,235,23.876116,37.906249
884,235,23.846376,38.01012
885,235,23.811946,38.053893
887,235,23.875048,37.992256
888,235,23.839953,38.126628
889,235,23.858618,38.063724
891,235,23.789606,38.00563
892,235,23.863636,37.950431
893,235,23.790428,38.091037
894,235,23.779102,38.030124
895,235,23.86393,37.986335
896,235,23.873834,38.210132
897,235,23.789196,38.105388
898,235,23.840231,38.046134
899,235,23.763015,38.041881
900,235,23.852083,38.184894
901,235,23.849003,38.024917
903,235,23.767633,38.096916
904,235,23.769003,38.109389
905,235,23.836342,38.028392
906,235,23.805528,38.00896
908,235,23.889125,38.004107
910,235,23.878282,37.990146
911,235,23.787432,38.085124
912,235,23.820347,38.090834
913,235,23.826878,38.115302
914,235,23.813684,38.078696
915,235,23.805378,38.018344
916,235,23.904776,37.972659
917,235,23.846456,38.142799
918,235,23.768633,38.108642
920,235,23.871225,37.995681
921,235,23.869387,37.996325
