863,236,23.839153,38.053027
862,236,23.802462,37.831569
864,236,23.814835,38.012107
865,236,23.863699,37.999335
866,236,23.803175,38.008063
867,236,23.860453,38.007282
869,236,23.813088,38.077892
870,236,23.804377,38.008544
870,236,23.804377,38.008544
872,236,23.756748,38.101207
873,236,23.880621,38.000663
874,236,23.854976,37.988189
875,236,23.843474,38.027587
876,236,23.798979,38.037173
878,236,23.774317,38.09265
879,236,23.983786,38.056362
880,236,23.840227,38.131282
882,236,23.829742,38.117519
883,236,23.802539,38.007743
884,236,23.8815,37.990196
885,236,23.813497,38.002002
887,236,23.825136,38.01387
888,236,23.838184,38.027729
889,236,23.856037,38.034553
891,236,23.788076,38.00698
892,236,23.863081,37.949718
893,236,23.73319,38.036811
894,236,23.82044,38.078365
895,236,23.85285,37.966223
896,236,23.894085,38.094173
897,236,23.80353,38.041484
898,236,23.857998,38.008789
899,236,23.829023,38.116015
900,236,23.858173,38.008873
901,236,23.861429,38.000193
903,236,23.769625,38.104789
904,236,23.768972,38.110438
905,236,23.81162,38.054004
906,236,23.874506,37.992095
908,236,23.845556,38.01036
910,236,23.747778,37.973598
911,236,23.787583,38.085094
912,236,23.759658,38.043834
913,236,23.820436,38.090964
914,236,23.827379,38.115829
915,236,23.881414,37.990123
916,236,23.890047,37.921482
917,236,23.809172,38.089565
918,236,23.768602,38.108791
920,236,23.843227,38.010593
921,236,23.866936,37.997738
