863,239,23.838883,38.052268
862,239,23.80241,37.831397
864,239,23.788418,38.00973
865,239,23.859789,38.001377
866,239,23.803165,38.008063
867,239,23.821979,38.013721
869,239,23.841106,38.130935
870,239,23.792889,38.003681
870,239,23.792889,38.003681
872,239,23.758688,38.104198
873,239,23.861818,38.021686
874,239,23.850475,37.988677
875,239,23.839092,38.028876
876,239,23.796079,38.034522
878,239,23.814666,38.104339
879,239,23.881464,37.993415
880,239,23.840338,38.131683
882,239,23.829322,38.116508
883,239,23.883005,37.903961
884,239,23.88138,37.990054
885,239,23.811435,38.054145
887,239,23.874717,37.992317
888,239,23.837531,38.127219
889,239,23.859268,38.064124
891,239,23.786646,38.008197
892,239,23.863751,37.950587
893,239,23.790428,38.091037
894,239,23.779273,38.0278
895,239,23.85314,37.966236
896,239,23.879055,38.210978
897,239,23.794287,38.106467
898,239,23.839682,38.046542
899,239,23.763194,38.041812
900,239,23.857602,38.008182
901,239,23.857155,38.002746
903,239,23.769736,38.104469
904,239,23.769922,38.105346
905,239,23.811571,38.054023
906,239,23.874556,37.992125
908,239,23.898108,38.003287
910,239,23.874483,37.991977
911,239,23.786362,38.084571
912,239,23.817948,38.088763
913,239,23.819727,38.090186
914,239,23.812164,38.075244
915,239,23.806088,38.018073
916,239,23.906364,37.965358
917,239,23.810383,38.085463
918,239,23.768183,38.108615
920,239,23.839446,38.011241
921,239,23.858246,38.002288
