863,243,23.809344,38.094142
862,243,23.800881,37.827529
864,243,23.790548,38.013312
865,243,23.838928,38.051452
866,243,23.802484,38.007762
867,243,23.881346,37.989997
869,243,23.819068,38.089366
870,243,23.78237,38.003379
870,243,23.78237,38.003379
872,243,23.809171,38.093731
873,243,23.864969,38.017966
874,243,23.848297,37.982646
875,243,23.838211,38.029277
876,243,23.809303,38.088489
878,243,23.811386,38.102908
879,243,23.983995,38.03133
880,243,23.840219,38.131453
882,243,23.887508,38.100325
883,243,23.879968,37.989101
884,243,23.849791,37.990722
885,243,23.810205,38.056873
887,243,23.873798,37.991095
888,243,23.849094,38.02486
889,243,23.856756,38.032641
891,243,23.785458,38.009498
892,243,23.866306,37.951839
893,243,23.790748,38.091457
894,243,23.854182,38.024966
895,243,23.883988,37.923552
896,243,23.885365,38.210429
897,243,23.802547,38.106944
898,243,23.857157,38.007167
899,243,23.829165,38.116996
900,243,23.758571,38.089999
901,243,23.847053,38.021267
903,243,23.760843,38.098987
904,243,23.769362,38.106525
905,243,23.858105,38.002277
906,243,23.804558,38.008529
908,243,23.908839,38.002506
910,243,23.871204,37.990008
911,243,23.787781,38.08676
912,243,23.816548,38.086776
913,243,23.844894,38.046702
914,243,23.812444,38.073695
915,243,23.814667,38.019317
916,243,23.902254,37.963161
917,243,23.807173,38.083061
918,243,23.768833,38.107627
920,243,23.835497,38.012882
921,243,23.858277,38.006457
