863,244,23.837566,38.140803
862,244,23.800581,37.82539
864,244,23.801504,38.007358
865,244,23.802477,38.007892
866,244,23.8491,38.024318
867,244,23.818661,38.013171
869,244,23.819559,38.089877
870,244,23.78112,38.001807
870,244,23.78112,38.001807
872,244,23.812588,38.088366
873,244,23.882042,37.990653
874,244,23.848436,37.982684
875,244,23.838202,38.029277
876,244,23.829643,38.118312
878,244,23.776916,38.096133
879,244,23.882074,37.990744
880,244,23.840268,38.131484
882,244,23.742617,38.101245
883,244,23.79921,38.006862
884,244,23.834755,38.013011
885,244,23.811687,37.997161
887,244,23.822157,38.01374
888,244,23.840782,38.131388
889,244,23.856866,38.031783
891,244,23.833059,38.024753
892,244,23.86451,37.951259
893,244,23.734169,38.039191
894,244,23.777734,38.028029
895,244,23.85647,37.989597
896,244,23.878843,38.102473
897,244,23.80848,38.039745
898,244,23.948904,37.998008
899,244,23.826084,38.110317
900,244,23.855864,38.168826
901,244,23.87165,37.995513
903,244,23.770636,38.10432
904,244,23.770903,38.111339
905,244,23.835731,38.027641
906,244,23.877865,37.990207
908,244,23.836746,38.012554
910,244,23.747879,37.972857
911,244,23.78854,38.087779
912,244,23.755309,38.047897
913,244,23.832407,38.120033
914,244,23.838532,38.129489
915,244,23.816357,38.019489
916,244,23.894647,37.903873
917,244,23.754992,38.046443
918,244,23.769462,38.107616
920,244,23.858316,38.006611
921,244,23.858277,38.006469
