863,245,23.839693,38.049716
862,245,23.800152,37.822979
864,245,23.791619,38.014991
865,245,23.858209,38.006069
866,245,23.830131,38.013946
867,245,23.860403,38.014453
869,245,23.821019,38.091197
870,245,23.77811,38.001277
870,245,23.77811,38.001277
872,245,23.760898,38.111407
873,245,23.866289,38.016548
874,245,23.848496,37.982555
875,245,23.837801,38.029449
876,245,23.79295,38.031024
878,245,23.786285,38.091018
879,245,23.987896,38.047534
880,245,23.840309,38.131576
882,245,23.827704,38.113475
883,245,23.885046,37.898979
884,245,23.880332,37.988982
885,245,23.808787,38.057914
887,245,23.831405,38.026153
888,245,23.849114,38.02486
889,245,23.859137,38.030772
891,245,23.833359,38.024894
892,245,23.906889,37.964183
893,245,23.73278,38.036227
894,245,23.776943,38.033443
895,245,23.854429,37.968757
896,245,23.885044,38.210731
897,245,23.805288,38.106944
898,245,23.839783,38.049693
899,245,23.829075,38.116195
900,245,23.860212,38.007224
901,245,23.847734,38.020847
903,245,23.758062,38.099856
904,245,23.768662,38.106876
905,245,23.811571,38.054366
906,245,23.861206,38.011905
908,245,23.912338,38.000995
910,245,23.870184,37.99089
911,245,23.7897,38.089309
912,245,23.816396,38.086295
913,245,23.817648,38.088328
914,245,23.812065,38.072856
915,245,23.819058,38.019637
916,245,23.898335,37.962692
917,245,23.806173,38.082591
918,245,23.769953,38.107627
920,245,23.880106,37.989032
921,245,23.858356,38.006739
