863,246,23.808883,38.091712
862,246,23.799522,37.822227
864,246,23.798304,38.006499
865,246,23.838928,38.051471
866,246,23.802074,38.00746
867,246,23.881306,37.989986
869,246,23.840967,38.130996
870,246,23.776621,38.002357
870,246,23.776621,38.002357
872,246,23.809582,38.095328
873,246,23.881993,37.990634
874,246,23.776021,38.003516
875,246,23.837751,38.02946
876,246,23.828743,38.117244
878,246,23.763872,38.106566
879,246,23.982458,38.076064
880,246,23.84046,38.131748
882,246,23.889759,38.100345
883,246,23.877718,37.990462
884,246,23.850191,37.98952
885,246,23.810818,37.996791
887,246,23.978496,37.89355
888,246,23.840812,38.131279
889,246,23.859226,38.028484
891,246,23.834049,38.025985
892,246,23.889521,37.933433
893,246,23.761427,38.076343
894,246,23.81878,38.085425
895,246,23.887557,37.922381
896,246,23.874504,38.103034
897,246,23.808959,38.041416
898,246,23.91983,37.99821
899,246,23.826124,38.108375
900,246,23.758553,38.089999
901,246,23.875161,37.992103
903,246,23.771077,38.104209
904,246,23.768571,38.107627
905,246,23.857914,38.003146
906,246,23.803288,38.008079
908,246,23.834116,38.013225
910,246,23.747869,37.972556
911,246,23.790449,38.090457
912,246,23.753088,38.048809
913,246,23.835987,38.1239
914,246,23.840622,38.131678
915,246,23.820577,38.020278
916,246,23.894967,37.903465
917,246,23.806014,38.082431
918,246,23.770023,38.107627
920,246,23.878206,37.99013
921,246,23.858397,38.0069
