863,248,23.839693,38.047485
862,248,23.795181,37.822208
864,248,23.796144,38.005797
865,248,23.85837,38.006469
866,248,23.829861,38.013946
867,248,23.860394,38.018122
869,248,23.840977,38.130996
870,248,23.775701,38.004359
870,248,23.775701,38.004359
872,248,23.762079,38.112056
873,248,23.870359,38.017829
874,248,23.778331,38.001258
875,248,23.837331,38.029651
876,248,23.809414,38.08802
878,248,23.777808,38.097674
879,248,23.982216,38.027351
880,248,23.840802,38.130836
882,248,23.826103,38.111255
883,248,23.884266,37.89709
884,248,23.882082,37.988044
885,248,23.808989,37.995112
887,248,23.821068,38.013702
888,248,23.848543,38.02357
889,248,23.859316,38.027644
891,248,23.83565,38.027526
892,248,23.870777,37.9519
893,248,23.73448,38.041313
894,248,23.850641,38.026126
895,248,23.85709,37.970416
896,248,23.870033,38.104724
897,248,23.809151,38.043117
898,248,23.949034,37.998088
899,248,23.8411,38.130912
900,248,23.864563,38.006446
901,248,23.879829,37.989104
903,248,23.771236,38.104888
904,248,23.767881,38.107948
905,248,23.812,38.055816
906,248,23.860306,38.013324
908,248,23.834026,38.013213
910,248,23.74769,37.971847
911,248,23.79611,38.096538
912,248,23.751549,38.049438
913,248,23.837587,38.127291
914,248,23.840903,38.13111
915,248,23.825239,38.018749
916,248,23.898147,37.901416
917,248,23.829224,38.143081
918,248,23.769644,38.107616
920,248,23.858356,38.006751
921,248,23.858536,38.007392
