863,25,23.851744,38.186267
862,25,23.872605,38.00484
864,25,23.869835,37.996044
865,25,23.969242,38.124957
866,25,23.881306,37.990096
867,25,23.842759,37.99504
869,25,23.840748,38.131458
870,25,23.858492,38.007148
872,25,23.823742,38.112548
873,25,23.881819,37.991271
874,25,23.847813,38.009944
875,25,23.77428,38.03263
876,25,23.75634,38.088992
878,25,23.831966,38.119811
879,25,23.955415,38.006492
880,25,23.785751,38.09082
882,25,23.8193,38.107955
883,25,23.880197,37.988929
884,25,23.748432,38.014018
885,25,23.880821,37.995601
887,25,23.881339,37.991611
888,25,23.829687,38.118281
889,25,23.856486,38.163634
891,25,23.90486,37.972529
892,25,23.912077,37.895626
893,25,23.706887,38.013229
894,25,23.871811,37.995475
895,25,23.856314,37.969852
896,25,23.840705,38.13153
897,25,23.756909,38.061625
898,25,23.860444,38.000876
899,25,23.840726,38.131324
900,25,23.820934,38.074409
901,25,23.772327,38.0334
903,25,23.756069,38.10041
904,25,23.76787,38.108077
905,25,23.87032,37.995731
906,25,23.878584,37.989818
908,25,23.871992,37.989883
910,25,23.881153,37.989837
911,25,23.809298,38.088527
912,25,23.840877,38.131194
913,25,23.840757,38.13148
914,25,23.759128,38.090217
915,25,23.879621,37.989345
916,25,23.85929,38.001548
917,25,23.773855,38.0927
918,25,23.756418,38.100768
920,25,23.881311,37.990177
921,25,23.881233,37.990066
