863,250,23.837914,38.045654
862,250,23.793581,37.822559
864,250,23.794775,38.004885
865,250,23.799486,38.007144
866,250,23.849998,38.025729
867,250,23.860384,38.019893
869,250,23.825357,38.099948
870,250,23.881973,37.990588
870,250,23.881973,37.990588
872,250,23.814487,38.088607
873,250,23.871439,38.01345
874,250,23.784101,38.00251
875,250,23.836813,38.029109
876,250,23.789499,38.026508
878,250,23.764461,38.106776
879,250,23.989255,38.043323
880,250,23.840862,38.130824
882,250,23.749008,38.096645
883,250,23.796471,38.005882
884,250,23.830986,38.013832
885,250,23.808734,38.059223
887,250,23.981766,37.893771
888,250,23.847334,38.020942
889,250,23.859415,38.026573
891,250,23.83828,38.027728
892,250,23.89101,37.936073
893,250,23.762978,38.077994
894,250,23.776764,38.034645
895,250,23.850441,37.992217
896,250,23.865762,38.106055
897,250,23.807909,38.106265
898,250,23.923411,37.997569
899,250,23.827394,38.113135
900,250,23.869624,38.005527
901,250,23.881159,37.989864
903,250,23.757954,38.102874
904,250,23.767961,38.108589
905,250,23.834871,38.02677
906,250,23.877976,37.990181
908,250,23.832435,38.013545
910,250,23.747419,37.970557
911,250,23.80629,38.10057
912,250,23.749878,38.049647
913,250,23.839517,38.13127
914,250,23.840892,38.13111
915,250,23.828029,38.016776
916,250,23.903467,37.900664
917,250,23.830673,38.14046
918,250,23.769564,38.107578
920,250,23.880346,37.98907
921,250,23.857895,38.007739
