863,254,23.809164,38.0899
862,254,23.808123,38.060317
864,254,23.793846,38.004337
865,254,23.858419,38.006869
866,254,23.82851,38.013946
867,254,23.860214,38.021076
869,254,23.825919,38.11005
870,254,23.881285,37.990078
870,254,23.881285,37.990078
872,254,23.763899,38.111617
873,254,23.871898,38.006321
874,254,23.795152,38.005175
875,254,23.833942,38.025878
876,254,23.805874,38.08744
878,254,23.765152,38.107036
879,254,23.881396,37.990172
880,254,23.84099,38.131084
882,254,23.751328,38.094966
883,254,23.883137,37.892878
884,254,23.889352,37.984294
885,254,23.808815,38.060573
887,254,23.829325,38.027423
888,254,23.856665,38.009994
889,254,23.859655,38.024875
891,254,23.847339,38.025215
892,254,23.89217,37.938773
893,254,23.762688,38.078666
894,254,23.778915,38.02914
895,254,23.861891,37.973716
896,254,23.860542,38.108794
897,254,23.811159,38.106227
898,254,23.855987,38.005298
899,254,23.825744,38.101863
900,254,23.872713,38.004966
901,254,23.881379,37.990054
903,254,23.760942,38.111903
904,254,23.768409,38.10879
905,254,23.80886,38.057696
906,254,23.802377,38.007816
908,254,23.824156,38.013896
910,254,23.747249,37.9701
911,254,23.8173,38.104679
912,254,23.749569,38.050338
913,254,23.840889,38.131263
914,254,23.808926,38.061416
915,254,23.835722,38.016086
916,254,23.913838,37.894477
917,254,23.838644,38.140678
918,254,23.767862,38.108341
920,254,23.881237,37.990001
921,254,23.849127,38.00978
