863,256,23.836532,38.044723
862,256,23.808282,38.060237
864,256,23.793486,38.004085
865,256,23.795175,38.005512
866,256,23.801264,38.007263
867,256,23.881695,37.990497
869,256,23.840977,38.131187
870,256,23.775661,38.004378
870,256,23.775661,38.004378
872,256,23.815046,38.088668
873,256,23.871858,38.005149
874,256,23.803682,38.008116
875,256,23.832942,38.025016
876,256,23.78942,38.025066
878,256,23.778588,38.100326
879,256,23.982107,38.067775
880,256,23.840068,38.131205
882,256,23.893238,38.101783
883,256,23.872019,37.989822
884,256,23.822746,38.013793
885,256,23.808645,38.060375
887,256,23.870659,37.991382
888,256,23.857475,38.008155
889,256,23.859655,38.024806
891,256,23.849009,38.024925
892,256,23.879927,37.953441
893,256,23.734623,38.041785
894,256,23.817522,38.088012
895,256,23.84902,37.992755
896,256,23.860601,38.108756
897,256,23.814289,38.105499
898,256,23.92371,37.997531
899,256,23.825445,38.100173
900,256,23.750772,38.086612
901,256,23.857784,38.009139
903,256,23.763043,38.112205
904,256,23.770006,38.108676
905,256,23.833841,38.025669
906,256,23.802267,38.007797
908,256,23.822065,38.013778
910,256,23.74724,37.969619
911,256,23.821312,38.109279
912,256,23.816056,38.083873
913,256,23.840859,38.131252
914,256,23.811136,38.056507
915,256,23.841511,38.017265
916,256,23.918977,37.891399
917,256,23.845335,38.139217
918,256,23.767862,38.107799
920,256,23.858387,38.007083
921,256,23.843916,38.010551
