863,258,23.840648,38.13161
862,258,23.808593,38.060447
864,258,23.792995,38.003654
865,258,23.83309,38.051258
866,258,23.827551,38.013976
867,258,23.881565,37.990325
869,258,23.840665,38.131648
870,258,23.776951,38.00093
870,258,23.776951,38.00093
872,258,23.81036,38.097709
873,258,23.875599,38.004131
874,258,23.815073,38.012096
875,258,23.831003,38.026015
876,258,23.821674,38.110183
878,258,23.765951,38.107006
879,258,23.980674,38.019069
880,258,23.837659,38.127674
882,258,23.752588,38.095397
883,258,23.882547,37.892959
884,258,23.850669,37.986453
885,258,23.801298,37.994018
887,258,23.813847,38.011943
888,258,23.861535,38.007045
889,258,23.859606,38.023894
891,258,23.849188,38.024864
892,258,23.893699,37.942024
893,258,23.73819,38.0456
894,258,23.8498,38.026405
895,258,23.86363,37.975837
896,258,23.860561,38.108767
897,258,23.815639,38.105438
898,258,23.856207,38.003928
899,258,23.824905,38.099182
900,258,23.874622,38.004726
901,258,23.857515,38.002585
903,258,23.765052,38.113425
904,258,23.768582,38.108653
905,258,23.858503,38.007216
906,258,23.860426,38.019584
908,258,23.881221,37.990032
910,258,23.868454,37.996863
911,258,23.827682,38.115439
912,258,23.86309,38.119751
913,258,23.820528,38.07791
914,258,23.811476,38.054229
915,258,23.844412,38.016777
916,258,23.922829,37.887638
917,258,23.842646,38.137607
918,258,23.768463,38.107658
920,258,23.881286,37.990039
921,258,23.841017,38.010879
