863,259,23.809373,38.088771
862,259,23.808634,38.060409
864,259,23.785997,38.010093
865,259,23.793094,38.003933
866,259,23.801233,38.007262
867,259,23.811011,38.01136
869,259,23.828847,38.116073
870,259,23.779282,38.001471
870,259,23.779282,38.001471
872,259,23.815536,38.088569
873,259,23.87595,38.00405
874,259,23.820614,38.013545
875,259,23.830513,38.026275
876,259,23.789329,38.024025
878,259,23.794678,38.095966
879,259,23.881365,37.990112
880,259,23.83626,38.124805
882,259,23.827965,38.107245
883,259,23.854562,38.003539
884,259,23.818386,38.013103
885,259,23.901112,38.015728
887,259,23.828945,38.027701
888,259,23.865025,38.006316
889,259,23.860056,38.021926
891,259,23.849848,38.025665
892,259,23.884536,37.954509
893,259,23.735532,38.043357
894,259,23.779525,38.02922
895,259,23.895137,37.912059
896,259,23.880683,38.21699
897,259,23.815771,38.041416
898,259,23.949204,37.998466
899,259,23.826134,38.105815
900,259,23.838652,38.12979
901,259,23.857732,38.008277
903,259,23.766262,38.114234
904,259,23.768549,38.108649
905,259,23.83324,38.024939
906,259,23.801447,38.007545
908,259,23.818004,38.013099
910,259,23.74724,37.9696
911,259,23.831112,38.11869
912,259,23.815895,38.083533
913,259,23.820867,38.07698
914,259,23.811275,38.053798
915,259,23.844652,38.016166
916,259,23.866835,37.952121
917,259,23.848967,38.144695
918,259,23.768793,38.108138
920,259,23.825308,38.013903
921,259,23.840656,38.010959
