863,26,23.853163,38.180037
862,26,23.869925,38.005401
864,26,23.871216,37.995643
865,26,23.969642,38.120277
866,26,23.880756,38.002349
867,26,23.843981,37.994419
869,26,23.840917,38.131248
870,26,23.858562,38.007369
872,26,23.839491,38.131259
873,26,23.882145,38.00236
874,26,23.843313,38.010585
875,26,23.77536,38.032161
876,26,23.757919,38.089682
878,26,23.830046,38.118762
879,26,23.950746,38.00508
880,26,23.78518,38.09082
882,26,23.814511,38.104114
883,26,23.881027,37.98965
884,26,23.750723,38.013698
885,26,23.88076,38.003413
887,26,23.881864,37.990367
888,26,23.826436,38.114902
889,26,23.839304,38.130935
891,26,23.905329,37.970778
892,26,23.907566,37.898876
893,26,23.706121,38.012638
894,26,23.88016,37.998667
895,26,23.847345,37.966765
896,26,23.839775,38.131809
897,26,23.756789,38.061427
898,26,23.855848,38.005992
899,26,23.823179,38.094603
900,26,23.840528,38.131804
901,26,23.74179,38.024875
903,26,23.768629,38.10881
904,26,23.750494,38.095786
905,26,23.87032,37.995761
906,26,23.881284,37.989963
908,26,23.870071,37.990833
910,26,23.881033,37.989776
911,26,23.809387,38.087905
912,26,23.840344,38.131473
913,26,23.847124,38.143985
914,26,23.763837,38.091426
915,26,23.875801,37.991813
916,26,23.852896,38.008193
917,26,23.774185,38.092551
918,26,23.755368,38.099269
920,26,23.881422,37.990157
921,26,23.881283,37.990165
