863,261,23.835932,38.045123
862,261,23.808393,38.05838
864,261,23.786558,38.009551
865,261,23.792015,38.003013
866,261,23.826681,38.013957
867,261,23.881325,37.990127
869,261,23.830318,38.117874
870,261,23.784751,38.002211
870,261,23.784751,38.002211
872,261,23.81052,38.0983
873,261,23.87813,38.003829
874,261,23.824922,38.013724
875,261,23.823344,38.032516
876,261,23.818775,38.107364
878,261,23.775936,38.091518
879,261,23.981787,38.063846
880,261,23.831211,38.119006
882,261,23.840716,38.131477
883,261,23.793661,38.004142
884,261,23.850781,37.985453
885,261,23.901891,38.015628
887,261,23.872148,37.992954
888,261,23.867436,38.003475
889,261,23.860337,38.014686
891,261,23.853418,38.025173
892,261,23.90494,37.972495
893,261,23.790718,38.091998
894,261,23.815922,38.088492
895,261,23.881338,37.990058
896,261,23.879653,38.219413
897,261,23.815601,38.041477
898,261,23.839622,38.050921
899,261,23.825954,38.103793
900,261,23.848734,38.146316
901,261,23.857644,38.008136
903,261,23.766522,38.113033
904,261,23.768608,38.10876
905,261,23.832889,38.025008
906,261,23.860445,38.019775
908,261,23.814514,38.01218
910,261,23.865303,37.998553
911,261,23.837772,38.127852
912,261,23.86218,38.12083
913,261,23.820988,38.074829
914,261,23.809536,38.050407
915,261,23.844722,38.012576
916,261,23.862615,37.95161
917,261,23.847626,38.144603
918,261,23.768793,38.108699
920,261,23.881426,37.990123
921,261,23.839897,38.011119
