863,263,23.809494,38.087993
862,263,23.79344,37.823017
864,263,23.786078,38.00912
865,263,23.828199,38.052471
866,263,23.856268,38.031757
867,263,23.855663,38.024772
869,263,23.834238,38.121932
870,263,23.791143,38.002372
870,263,23.791143,38.002372
872,263,23.764757,38.111839
873,263,23.879311,38.003718
874,263,23.832422,38.013385
875,263,23.823035,38.032996
876,263,23.805846,38.086448
878,263,23.791967,38.092888
879,263,23.980165,38.01847
880,263,23.827032,38.115436
882,263,23.829584,38.105845
883,263,23.856693,38.002998
884,263,23.900833,37.976711
885,263,23.901632,38.013728
887,263,23.812327,38.011622
888,263,23.866584,38.001216
889,263,23.859856,38.011787
891,263,23.859589,38.02328
892,263,23.882379,37.95383
893,263,23.736482,38.044189
894,263,23.846359,38.027842
895,263,23.894567,37.90985
896,263,23.877274,38.222053
897,263,23.815321,38.041545
898,263,23.839413,38.051254
899,263,23.825745,38.101684
900,263,23.836333,38.12501
901,263,23.857573,38.008155
903,263,23.766681,38.114043
904,263,23.768641,38.107703
905,263,23.832489,38.02539
906,263,23.881155,37.989883
908,263,23.814184,38.012039
910,263,23.862383,37.999782
911,263,23.840853,38.131343
912,263,23.754239,38.056415
913,263,23.820747,38.070716
914,263,23.807026,38.045887
915,263,23.851372,38.011866
916,263,23.862015,37.95132
917,263,23.845335,38.141894
918,263,23.768574,38.108588
920,263,23.821197,38.013705
921,263,23.839567,38.011237
