863,265,23.839725,38.132098
862,265,23.793449,37.823157
864,265,23.785337,38.009472
865,265,23.85853,38.00737
866,265,23.822975,38.032523
867,265,23.80937,38.010909
869,265,23.837297,38.126781
870,265,23.798782,38.006751
870,265,23.798782,38.006751
872,265,23.816107,38.088421
873,265,23.880541,38.003276
874,265,23.838961,38.011325
875,265,23.754885,38.046191
876,265,23.787849,38.018856
878,265,23.775196,38.092128
879,265,23.984066,38.031432
880,265,23.823113,38.111816
882,265,23.754898,38.098666
883,265,23.793171,38.003802
884,265,23.814476,38.012019
885,265,23.901124,38.012168
887,265,23.870678,37.994815
888,265,23.865326,37.998695
889,265,23.861126,38.011516
891,265,23.860129,38.016219
892,265,23.901359,37.976344
893,265,23.790628,38.092017
894,265,23.773594,38.036574
895,265,23.881357,37.990047
896,265,23.876743,38.223022
897,265,23.815281,38.041545
898,265,23.860516,38.000766
899,265,23.825505,38.099944
900,265,23.844633,38.141784
901,265,23.857502,38.007694
903,265,23.767962,38.113544
904,265,23.770151,38.107631
905,265,23.856904,38.007927
906,265,23.800847,38.007328
908,265,23.881983,37.988063
910,265,23.859373,38.001583
911,265,23.840921,38.131125
912,265,23.814634,38.081375
913,265,23.821549,38.066776
914,265,23.803497,38.042766
915,265,23.855321,38.009658
916,265,23.863884,37.948329
917,265,23.845326,38.139953
918,265,23.768574,38.10868
920,265,23.881226,37.990218
921,265,23.838958,38.011516
