863,266,23.838968,38.130481
862,266,23.809435,38.05054
864,266,23.790197,38.002013
865,266,23.825529,38.053062
866,266,23.800102,38.007042
867,266,23.851614,38.025832
869,266,23.835167,38.12305
870,266,23.804062,38.008331
870,266,23.804062,38.008331
872,266,23.764757,38.111839
873,266,23.88054,38.002036
874,266,23.843842,38.010505
875,266,23.754885,38.04618
876,266,23.807295,38.086479
878,266,23.767022,38.107883
879,266,23.982526,38.059565
880,266,23.820134,38.108897
882,266,23.829744,38.105685
883,266,23.880882,37.989643
884,266,23.903892,37.974243
885,266,23.797706,37.99982
887,266,23.878743,37.989837
888,266,23.867605,37.997326
889,266,23.858338,38.063575
891,266,23.859998,38.012328
892,266,23.896779,37.948283
893,266,23.74329,38.050372
894,266,23.811842,38.088054
895,266,23.867831,37.979606
896,266,23.857841,38.110488
897,266,23.756565,38.060794
898,266,23.914051,37.999732
899,266,23.821825,38.092253
900,266,23.877233,38.006434
901,266,23.871225,37.995673
903,266,23.767832,38.112834
904,266,23.770481,38.108383
905,266,23.83177,38.025588
906,266,23.881186,37.990233
908,266,23.813395,38.011878
910,266,23.747172,37.968391
911,266,23.8411,38.130874
912,266,23.755751,38.058516
913,266,23.823648,38.066657
914,266,23.804277,38.041316
915,266,23.855152,38.008639
916,266,23.925548,37.877235
917,266,23.840705,38.131507
918,266,23.770273,38.108455
920,266,23.817857,38.013015
921,266,23.838949,38.011516
