863,267,23.810114,38.086043
862,267,23.807594,38.047271
864,267,23.785097,38.009509
865,267,23.790896,38.00236
866,267,23.856518,38.032077
867,267,23.808821,38.010669
869,267,23.839678,38.13171
870,267,23.806831,38.009582
870,267,23.806831,38.009582
872,267,23.811451,38.099498
873,267,23.880121,37.998447
874,267,23.849481,38.009604
875,267,23.755045,38.046142
876,267,23.809765,38.102165
878,267,23.789988,38.091738
879,267,23.981735,38.063613
880,267,23.816873,38.105925
882,267,23.840354,38.13182
883,267,23.882436,37.893157
884,267,23.851191,37.983882
885,267,23.898133,38.011848
887,267,23.809696,38.011012
888,267,23.870045,37.995993
889,267,23.861755,38.011634
891,267,23.858189,38.01194
892,267,23.893717,37.95806
893,267,23.737562,38.04507
894,267,23.860329,38.012698
895,267,23.894296,37.90665
896,267,23.876343,38.223903
897,267,23.829418,38.11808
898,267,23.839293,38.051353
899,267,23.824944,38.099296
900,267,23.831913,38.11977
901,267,23.855822,38.007285
903,267,23.766901,38.112796
904,267,23.770761,38.108481
905,267,23.808901,38.060428
906,267,23.859696,38.023253
908,267,23.778121,38.029303
910,267,23.858023,38.002372
911,267,23.8411,38.130943
912,267,23.85879,38.120674
913,267,23.826498,38.066306
914,267,23.807238,38.040076
915,267,23.855093,38.008548
916,267,23.867773,37.945147
917,267,23.845445,38.139682
918,267,23.770384,38.108955
920,267,23.881206,37.990218
921,267,23.83877,38.011607
