863,268,23.840576,38.131649
862,268,23.807385,38.046599
864,268,23.789956,38.001834
865,268,23.858419,38.00751
866,268,23.82535,38.013908
867,268,23.850723,38.026141
869,268,23.831807,38.119609
870,268,23.809411,38.010791
870,268,23.809411,38.010791
872,268,23.816667,38.088248
873,268,23.881041,37.994869
874,268,23.855063,38.008544
875,268,23.755045,38.046363
876,268,23.785798,38.016544
878,268,23.774187,38.100185
879,268,23.977785,38.016151
880,268,23.814443,38.105636
882,268,23.756868,38.101406
883,268,23.858633,38.001979
884,268,23.808657,38.010459
885,268,23.795296,38.00183
887,268,23.993566,37.891959
888,268,23.870695,37.995815
889,268,23.857708,38.062514
891,268,23.857378,38.010318
892,268,23.884819,37.95486
893,268,23.771378,38.089137
894,268,23.844108,38.028823
895,268,23.849821,37.990516
896,268,23.856762,38.110869
897,268,23.756796,38.061202
898,268,23.864246,37.999114
899,268,23.821585,38.091846
900,268,23.743833,38.088363
901,268,23.874075,37.992854
903,268,23.766472,38.112185
904,268,23.770841,38.108642
905,268,23.854363,38.008705
906,268,23.881426,37.990215
908,268,23.884894,37.986804
910,268,23.747122,37.96836
911,268,23.84111,38.131053
912,268,23.753067,38.05802
913,268,23.826718,38.064418
914,268,23.808169,38.039645
915,268,23.855112,38.00687
916,268,23.923217,37.874774
917,268,23.840817,38.131316
918,268,23.770834,38.109206
920,268,23.816107,38.012504
921,268,23.838181,38.011878
