863,269,23.834662,38.045406
862,269,23.806244,38.04528
864,269,23.785048,38.009529
865,269,23.824569,38.053642
866,269,23.823015,38.032535
867,269,23.80846,38.010509
869,269,23.840797,38.131328
870,269,23.813442,38.011772
870,269,23.813442,38.011772
872,269,23.811891,38.099979
873,269,23.882091,37.99105
874,269,23.859931,38.007274
875,269,23.755115,38.046424
876,269,23.808935,38.086497
878,269,23.775196,38.092128
879,269,23.881296,37.98989
880,269,23.814373,38.105827
882,269,23.830744,38.104907
883,269,23.870239,37.995082
884,269,23.905533,37.970584
885,269,23.895221,38.011569
887,269,23.870338,37.995753
888,269,23.873815,37.993064
889,269,23.862215,38.011695
891,269,23.857838,38.009048
892,269,23.89654,37.979465
893,269,23.790039,38.091697
894,269,23.773464,38.036613
895,269,23.867401,37.983398
896,269,23.875183,38.224494
897,269,23.830627,38.118659
898,269,23.838472,38.051513
899,269,23.787404,38.084864
900,269,23.842123,38.139183
901,269,23.855023,38.006374
903,269,23.766462,38.112224
904,269,23.771041,38.108611
905,269,23.830499,38.02629
906,269,23.859624,38.023692
908,269,23.811764,38.011528
910,269,23.857893,38.00381
911,269,23.84102,38.131114
912,269,23.814524,38.081004
913,269,23.830498,38.063216
914,269,23.808178,38.039645
915,269,23.855673,38.005351
916,269,23.872623,37.941558
917,269,23.845445,38.139682
918,269,23.770905,38.109218
920,269,23.858246,38.007633
921,269,23.83769,38.0121
