863,273,23.840657,38.131427
862,273,23.808453,38.039588
864,273,23.787725,38.001117
865,273,23.787086,38.001143
866,273,23.823154,38.032695
867,273,23.807541,38.010108
869,273,23.840996,38.131049
870,273,23.83377,38.01313
870,273,23.83377,38.01313
872,273,23.817019,38.088169
873,273,23.881403,37.990024
874,273,23.880123,38.003752
875,273,23.755997,38.047271
876,273,23.798815,38.097877
878,273,23.774326,38.092689
879,273,23.974846,38.012999
880,273,23.548439,38.045413
882,273,23.830944,38.104258
883,273,23.870199,37.995754
884,273,23.85245,37.979442
885,273,23.891571,38.010348
887,273,23.869308,37.996364
888,273,23.881015,37.990176
889,273,23.862335,38.011386
891,273,23.85767,38.008197
892,273,23.89296,37.981795
893,273,23.747231,38.058314
894,273,23.807091,38.087401
895,273,23.894775,37.903739
896,273,23.786756,38.08506
897,273,23.833258,38.121158
898,273,23.9057,38.002593
899,273,23.786955,38.084846
900,273,23.843212,38.139941
901,273,23.856161,38.003787
903,273,23.765201,38.112433
904,273,23.768827,38.108908
905,273,23.848984,38.009716
906,273,23.800186,38.007167
908,273,23.779223,38.029792
910,273,23.858524,38.007491
911,273,23.839959,38.131904
912,273,23.814394,38.080462
913,273,23.834137,38.061359
914,273,23.809048,38.042106
915,273,23.864973,37.998725
916,273,23.880774,37.933856
917,273,23.841095,38.13449
918,273,23.767233,38.109451
920,273,23.855297,38.008571
921,273,23.836368,38.013378
