863,274,23.834589,38.122642
862,274,23.808841,38.040447
864,274,23.786306,38.000316
865,274,23.855099,38.008529
866,274,23.798413,38.006351
867,274,23.844722,38.028869
869,274,23.828895,38.114699
870,274,23.837989,38.01179
870,274,23.837989,38.01179
872,274,23.763616,38.111869
873,274,23.881822,37.990394
874,274,23.880734,38.003741
875,274,23.757098,38.046592
876,274,23.782038,38.012386
878,274,23.767882,38.108592
879,274,23.982485,38.021923
880,274,23.814154,38.105876
882,274,23.893207,38.101654
883,274,23.790971,38.002234
884,274,23.804817,38.008678
885,274,23.889992,38.009578
887,274,23.875042,37.992286
888,274,23.840794,38.131187
889,274,23.857587,38.061832
891,274,23.85767,38.008185
892,274,23.89958,37.953773
893,274,23.741732,38.048892
894,274,23.860439,38.018787
895,274,23.85042,37.988506
896,274,23.859432,38.113769
897,274,23.759838,38.066303
898,274,23.872115,37.995273
899,274,23.841028,38.130943
900,274,23.878393,38.007644
901,274,23.880785,37.989482
903,274,23.767866,38.108112
904,274,23.768908,38.108798
905,274,23.808531,38.06034
906,274,23.881456,37.990215
908,274,23.892643,37.982035
910,274,23.744743,37.968219
911,274,23.83921,38.130836
912,274,23.75732,38.062438
913,274,23.834698,38.061088
914,274,23.786341,38.08478
915,274,23.868124,37.997024
916,274,23.919888,37.869895
917,274,23.839875,38.132071
918,274,23.767603,38.109771
920,274,23.806306,38.009433
921,274,23.835529,38.013786
