863,277,23.831268,38.119194
862,277,23.810852,38.044417
864,277,23.782336,37.997485
865,277,23.853599,38.008937
866,277,23.822713,38.033035
867,277,23.806381,38.009529
869,277,23.826055,38.108138
870,277,23.855021,38.008541
870,277,23.855021,38.008541
872,277,23.763237,38.1123
873,277,23.881202,37.994254
874,277,23.881413,37.993602
875,277,23.757807,38.046085
876,277,23.780517,38.010654
878,277,23.775816,38.09455
879,277,23.969906,38.010581
880,277,23.548439,38.045402
882,277,23.760959,38.105346
883,277,23.868648,37.996715
884,277,23.802417,38.007686
885,277,23.792716,38.003417
887,277,23.866928,37.997726
888,277,23.840994,38.130878
889,277,23.858346,38.060832
891,277,23.8619,38.006301
892,277,23.88951,37.984176
893,277,23.744581,38.051913
894,277,23.802092,38.087241
895,277,23.881159,37.989821
896,277,23.872463,38.229614
897,277,23.838959,38.13042
898,277,23.874956,37.992244
899,277,23.786375,38.084537
900,277,23.824083,38.111968
901,277,23.86051,38.000827
903,277,23.768472,38.108683
904,277,23.770631,38.11129
905,277,23.846573,38.010135
906,277,23.850624,38.026171
908,277,23.896593,37.979465
910,277,23.853683,38.008972
911,277,23.83104,38.118785
912,277,23.75765,38.062949
913,277,23.836079,38.060337
914,277,23.810108,38.044555
915,277,23.879913,37.98904
916,277,23.883553,37.925754
917,277,23.840984,38.131225
918,277,23.767893,38.111499
920,277,23.849817,38.009654
921,277,23.833568,38.014225
