863,278,23.807165,38.083225
862,278,23.813812,38.043277
864,278,23.780784,37.996425
865,278,23.82539,38.055079
866,278,23.798091,38.006331
867,278,23.841972,38.027698
869,278,23.826126,38.105487
870,278,23.857191,38.007811
870,278,23.857191,38.007811
872,278,23.814163,38.101802
873,278,23.880512,37.996783
874,278,23.882042,37.990611
875,278,23.758646,38.045135
876,278,23.809876,38.083305
878,278,23.768462,38.108791
879,278,23.980403,38.018691
880,278,23.810303,38.102454
882,278,23.841072,38.130984
883,278,23.790322,38.001964
884,278,23.906433,37.965362
885,278,23.886812,38.00716
887,278,23.873913,37.991268
888,278,23.840994,38.13097
889,278,23.858497,38.060691
891,278,23.862039,38.004592
892,278,23.90029,37.955661
893,278,23.787847,38.091464
894,278,23.860409,38.019756
895,278,23.85046,37.988044
896,278,23.856922,38.117786
897,278,23.766397,38.071071
898,278,23.89623,38.003752
899,278,23.821055,38.091388
900,278,23.845031,38.138461
901,278,23.881396,37.99002
903,278,23.765242,38.113055
904,278,23.770061,38.110881
905,278,23.845762,38.010265
906,278,23.799816,38.007137
908,278,23.809484,38.010967
910,278,23.744004,37.968299
911,278,23.829119,38.117645
912,278,23.856489,38.125923
913,278,23.835958,38.059898
914,278,23.787509,38.08639
915,278,23.881184,37.989989
916,278,23.918065,37.868476
917,278,23.840945,38.131163
918,278,23.769175,38.107665
920,278,23.797886,38.006541
921,278,23.833488,38.013972
