863,279,23.829049,38.116935
862,279,23.816233,38.041766
864,279,23.778925,37.995334
865,279,23.785487,38.001952
866,279,23.85266,38.037337
867,279,23.804521,38.008697
869,279,23.826095,38.104419
870,279,23.860061,38.007251
870,279,23.860061,38.007251
872,279,23.817158,38.088137
873,279,23.880151,37.999015
874,279,23.881302,37.990252
875,279,23.759346,38.044143
876,279,23.791464,38.092167
878,279,23.786677,38.091197
879,279,23.988497,38.045356
880,279,23.804752,38.100215
882,279,23.828344,38.102378
883,279,23.877021,37.990912
884,279,23.852381,37.979724
885,279,23.792378,38.003218
887,279,23.802166,38.007663
888,279,23.697903,38.020298
889,279,23.858738,38.060439
891,279,23.86133,38.00294
892,279,23.897421,37.962173
893,279,23.754891,38.066554
894,279,23.84247,38.027381
895,279,23.867149,37.989154
896,279,23.870622,38.231963
897,279,23.840549,38.13164
898,279,23.835443,38.050162
899,279,23.820043,38.090346
900,279,23.878424,38.007655
901,279,23.863449,37.999465
903,279,23.767923,38.108512
904,279,23.769601,38.110893
905,279,23.82284,38.032379
906,279,23.857017,37.970359
908,279,23.779823,38.02949
910,279,23.850153,38.009594
911,279,23.826779,38.115253
912,279,23.812753,38.077602
913,279,23.835798,38.059436
914,279,23.813269,38.043487
915,279,23.881214,37.989989
916,279,23.887333,37.922424
917,279,23.805652,38.082301
918,279,23.767923,38.112059
920,279,23.849157,38.009764
921,279,23.833217,38.013934
