863,281,23.830148,38.117423
862,281,23.819412,38.040107
864,281,23.772326,37.991542
865,281,23.825779,38.056251
866,281,23.822624,38.033115
867,281,23.838953,38.028987
869,281,23.827986,38.101958
870,281,23.869232,38.005553
870,281,23.869232,38.005553
872,281,23.814712,38.102
873,281,23.880361,38.002215
874,281,23.881222,37.990596
875,281,23.763207,38.041854
876,281,23.808845,38.082374
878,281,23.776926,38.096191
879,281,23.964176,38.00814
880,281,23.794602,38.095885
882,281,23.836605,38.12538
883,281,23.865228,37.998603
884,281,23.905844,37.964153
885,281,23.791637,38.003909
887,281,23.863998,37.999237
888,281,23.697961,38.019557
889,281,23.859277,38.059779
891,281,23.86239,37.999778
892,281,23.885339,37.986514
893,281,23.787419,38.091396
894,281,23.800402,38.087161
895,281,23.881149,37.989821
896,281,23.869401,38.234935
897,281,23.840649,38.13132
898,281,23.891771,38.004554
899,281,23.819845,38.090347
900,281,23.736945,38.08982
901,281,23.86883,37.996623
903,281,23.765062,38.112884
904,281,23.768952,38.109664
905,281,23.844612,38.010436
906,281,23.799557,38.007076
908,281,23.809294,38.010886
910,281,23.847202,38.010104
911,281,23.823639,38.112716
912,281,23.857698,38.1295
913,281,23.836798,38.058924
914,281,23.815858,38.042006
915,281,23.881243,37.990005
916,281,23.891603,37.918884
917,281,23.806643,38.082962
918,281,23.768694,38.107894
920,281,23.847727,38.009993
921,281,23.832908,38.013946
