863,284,23.831768,38.118434
862,284,23.823041,38.041106
864,284,23.767166,37.9882
865,284,23.826168,38.057269
866,284,23.822298,38.013739
867,284,23.838833,38.029026
869,284,23.824886,38.099055
870,284,23.880734,38.003032
870,284,23.880734,38.003032
872,284,23.815462,38.10224
873,284,23.878132,38.001845
874,284,23.881351,37.991355
875,284,23.769247,38.038814
876,284,23.807655,38.081214
878,284,23.767656,38.102725
879,284,23.987295,38.049849
880,284,23.78631,38.085547
882,284,23.826914,38.101157
883,284,23.872114,37.99525
884,284,23.901663,37.963031
885,284,23.884332,38.004092
887,284,24.006315,37.885428
888,284,23.702612,38.015586
889,284,23.86072,38.06071
891,284,23.872052,37.995307
892,284,23.901821,37.962913
893,284,23.787098,38.091315
894,284,23.768164,38.039534
895,284,23.869829,37.990542
896,284,23.867212,38.236606
897,284,23.783919,38.082053
898,284,23.881025,37.989673
899,284,23.819435,38.090015
900,284,23.838671,38.129901
901,284,23.881202,37.98981
903,284,23.769987,38.1076
904,284,23.768772,38.109053
905,284,23.843872,38.010516
906,284,23.799486,38.007057
908,284,23.780453,38.029151
910,284,23.740753,37.966476
911,284,23.814119,38.103897
912,284,23.859527,38.131812
913,284,23.838936,38.052486
914,284,23.7908,38.090873
915,284,23.880253,37.989017
916,284,23.913385,37.867034
917,284,23.807281,38.08728
918,284,23.768783,38.108505
920,284,23.792247,38.003291
921,284,23.833028,38.013755
