863,288,23.805565,38.082233
862,288,23.829589,38.042178
864,288,23.761837,37.985317
865,288,23.782747,38.003295
866,288,23.822279,38.013739
867,288,23.802372,38.011138
869,288,23.824497,38.098205
870,288,23.882072,37.990836
870,288,23.882072,37.990836
872,288,23.818986,38.082907
873,288,23.878532,38.003315
874,288,23.881891,37.990523
875,288,23.772957,38.036937
876,288,23.789336,38.089385
878,288,23.779005,38.099768
879,288,23.988585,38.045051
880,288,23.769671,38.072741
882,288,23.840711,38.131453
883,288,23.874594,37.992481
884,288,23.849781,37.979655
885,288,23.884483,38.003612
887,288,24.008825,37.884578
888,288,23.709272,38.011245
889,288,23.859589,38.060702
891,288,23.881742,37.99052
892,288,23.906326,37.965763
893,288,23.772032,38.073481
894,288,23.765413,38.041095
895,288,23.872619,37.989692
896,288,23.842334,38.047294
897,288,23.791948,38.092559
898,288,23.881725,37.990356
899,288,23.762825,38.041553
900,288,23.83667,38.125663
901,288,23.876108,37.991496
903,288,23.770447,38.108352
904,288,23.768947,38.108813
905,288,23.820382,38.03458
906,288,23.864017,37.976367
908,288,23.808824,38.010676
910,288,23.881571,37.990256
911,288,23.792458,38.093566
912,288,23.812154,38.076411
913,288,23.839345,38.047027
914,288,23.794859,38.095771
915,288,23.876123,37.995395
916,288,23.910495,37.866775
917,288,23.804451,38.091621
918,288,23.769606,38.110953
920,288,23.791208,38.004203
921,288,23.833179,38.01348
