863,29,23.855432,38.159042
862,29,23.863704,38.00661
864,29,23.880165,37.988952
865,29,23.969682,38.105494
866,29,23.880766,38.00267
867,29,23.849552,37.99256
869,29,23.840889,38.131267
870,29,23.854282,38.008777
872,29,23.818123,38.106788
873,29,23.88196,37.990653
874,29,23.827053,38.013995
875,29,23.77887,38.030071
876,29,23.768089,38.091995
878,29,23.823406,38.113674
879,29,23.935206,37.999801
880,29,23.783482,38.091029
882,29,23.80251,38.099353
883,29,23.881348,37.990008
884,29,23.752874,38.01298
885,29,23.880201,37.999744
887,29,23.881847,37.99044
888,29,23.814707,38.105514
889,29,23.838094,38.128635
891,29,23.882664,37.986014
892,29,23.930614,37.83929
893,29,23.706207,38.012637
894,29,23.866312,37.998027
895,29,23.848955,37.966045
896,29,23.840677,38.131461
897,29,23.810795,38.097464
898,29,23.866313,37.998077
899,29,23.82082,38.091304
900,29,23.820915,38.06676
901,29,23.743731,38.024147
903,29,23.759767,38.099376
904,29,23.768911,38.107608
905,29,23.881951,37.990428
906,29,23.881314,37.990127
908,29,23.870321,37.995761
910,29,23.878633,37.989879
911,29,23.808777,38.082347
912,29,23.840773,38.131369
913,29,23.853483,38.150573
914,29,23.773816,38.092696
915,29,23.86434,37.999145
916,29,23.853305,38.007854
917,29,23.783917,38.090846
918,29,23.752016,38.094661
920,29,23.857233,38.009792
921,29,23.881103,37.989791
