863,290,23.834752,38.045391
862,290,23.830271,38.04008
864,290,23.759866,37.984305
865,290,23.781736,38.002593
866,290,23.843498,38.044245
867,290,23.801271,38.011218
869,290,23.824497,38.097686
870,290,23.881282,37.990356
870,290,23.881282,37.990356
872,290,23.763529,38.10712
873,290,23.879612,38.003524
874,290,23.881521,37.990081
875,290,23.775615,38.035396
876,290,23.807466,38.077567
878,290,23.768378,38.104346
879,290,23.977404,38.015285
880,290,23.758789,38.068393
882,290,23.893959,38.102252
883,290,23.787481,38.000903
884,290,23.900432,37.96062
885,290,23.884613,38.003223
887,290,23.870273,37.990955
888,290,23.710272,38.010807
889,290,23.860128,38.06002
891,290,23.785288,38.009528
892,290,23.90047,37.961798
893,290,23.7862,38.090915
894,290,23.859659,38.024832
895,290,23.880479,37.989143
896,290,23.870863,38.239078
897,290,23.802057,38.098888
898,290,23.881975,37.990505
899,290,23.789413,38.088958
900,290,23.731183,38.088271
901,290,23.881268,37.990196
903,290,23.770105,38.108096
904,290,23.770037,38.108398
905,290,23.818441,38.03625
906,290,23.799196,38.007007
908,290,23.905824,37.968002
910,290,23.739324,37.965758
911,290,23.791338,38.092105
912,290,23.857437,38.135234
913,290,23.836925,38.044837
914,290,23.801579,38.098662
915,290,23.872944,37.997455
916,290,23.911295,37.867553
917,290,23.754942,38.046383
918,290,23.768635,38.108832
920,290,23.857514,38.010978
921,290,23.83317,38.01332
