863,292,23.834581,38.045299
862,292,23.82888,38.038928
864,292,23.755746,37.981277
865,292,23.779766,38.001471
866,292,23.79689,38.00608
867,292,23.838522,38.029155
869,292,23.826076,38.097026
870,292,23.881323,37.990657
870,292,23.881323,37.990657
872,292,23.820048,38.079288
873,292,23.880402,38.002345
874,292,23.881311,37.990069
875,292,23.776985,38.032546
876,292,23.777159,38.007133
878,292,23.783897,38.090869
879,292,23.990215,38.040481
880,292,23.75,38.062984
882,292,23.76449,38.106807
883,292,23.879053,37.989562
884,292,23.795718,38.005153
885,292,23.884923,38.001964
887,292,24.011366,37.883498
888,292,23.711493,38.010276
889,292,23.858759,38.059028
891,292,23.785309,38.00954
892,292,23.90648,37.965182
893,292,23.7564,38.067137
894,292,23.763412,38.041854
895,292,23.878177,37.990226
896,292,23.858663,38.130649
897,292,23.809187,38.101719
898,292,23.881904,37.990523
899,292,23.762766,38.041522
900,292,23.840622,38.131728
901,292,23.881317,37.990047
903,292,23.771008,38.108344
904,292,23.769997,38.107708
905,292,23.815761,38.03794
906,292,23.842465,38.027473
908,292,23.781483,38.02848
910,292,23.739124,37.96569
911,292,23.788177,38.091395
912,292,23.767582,38.071525
913,292,23.836845,38.044788
914,292,23.840975,38.130992
915,292,23.871944,37.999546
916,292,23.911354,37.868614
917,292,23.845686,38.142471
918,292,23.769005,38.110454
920,292,23.788719,38.006461
921,292,23.836719,38.012321
