863,3,23.879294,38.217979
862,3,23.845047,38.018603
864,3,23.854683,38.002319
865,3,23.96271,38.161624
866,3,23.881249,37.990073
867,3,23.844424,37.994437
869,3,23.874161,38.11592
870,3,23.878021,37.985381
872,3,23.841093,38.130939
873,3,23.882019,37.990596
874,3,23.881279,37.990123
875,3,23.761398,38.019329
876,3,23.717421,38.071342
878,3,23.840656,38.131724
879,3,23.982767,38.075473
880,3,23.840704,38.131633
882,3,23.840889,38.131118
883,3,23.856339,38.003169
884,3,23.722243,38.015403
885,3,23.881857,37.990482
887,3,23.881605,37.990283
888,3,23.881015,37.989978
889,3,23.841205,38.13467
891,3,23.88275,37.987762
892,3,23.931488,37.840202
893,3,23.7073,38.015918
894,3,23.880929,37.989631
895,3,23.846393,37.966884
896,3,23.840596,38.131587
897,3,23.810211,38.097358
898,3,23.856392,38.010177
899,3,23.840803,38.131195
900,3,23.840542,38.131808
901,3,23.74193,38.024864
903,3,23.76863,38.10881
904,3,23.767934,38.108558
905,3,23.881528,37.99034
906,3,23.85659,37.970001
908,3,23.877822,37.985099
910,3,23.881508,37.990272
911,3,23.841009,38.131023
912,3,23.840537,38.131492
913,3,23.840826,38.131339
914,3,23.715238,38.071788
915,3,23.85403,38.000644
916,3,23.853948,38.005897
917,3,23.739725,38.103587
918,3,23.768579,38.108836
920,3,23.858158,38.011977
921,3,23.843065,38.012977
