863,30,23.853893,38.15179
862,30,23.859154,38.00743
864,30,23.881135,37.989811
865,30,23.970583,38.101134
866,30,23.879965,37.989124
867,30,23.852583,37.991252
869,30,23.840649,38.131747
870,30,23.850142,38.009548
872,30,23.836042,38.124266
873,30,23.884695,38.002231
874,30,23.821623,38.013725
875,30,23.779258,38.029842
876,30,23.768639,38.092074
878,30,23.822355,38.111152
879,30,23.930345,37.998161
880,30,23.782443,38.09156
882,30,23.84082,38.131248
883,30,23.881317,37.990069
884,30,23.754653,38.016051
885,30,23.881392,38.003703
887,30,23.881796,37.990268
888,30,23.814737,38.104392
889,30,23.820528,38.108646
891,30,23.882993,37.987174
892,30,23.897356,37.901706
893,30,23.713047,38.009627
894,30,23.877954,38.003848
895,30,23.865635,37.985518
896,30,23.837385,38.126979
897,30,23.810474,38.097953
898,30,23.856108,38.003402
899,30,23.82003,38.090724
900,30,23.83931,38.131065
901,30,23.773438,38.03318
903,30,23.762457,38.098586
904,30,23.746364,38.098697
905,30,23.865528,37.998451
906,30,23.881575,37.990374
908,30,23.870321,37.995761
910,30,23.876043,37.99158
911,30,23.807157,38.079825
912,30,23.840983,38.131019
913,30,23.838438,38.1291
914,30,23.776397,38.091125
915,30,23.86022,38.001055
916,30,23.879316,37.989444
917,30,23.787226,38.091445
918,30,23.750597,38.095679
920,30,23.858213,38.008743
921,30,23.880354,37.989039
