863,303,23.845537,38.11293
862,303,23.83196,38.033038
864,303,23.749108,37.977298
865,303,23.835425,38.012904
866,303,23.812579,38.011604
867,303,23.884323,38.001781
869,303,23.834663,38.091716
870,303,23.880774,38.003386
870,303,23.880774,38.003386
872,303,23.767648,38.107696
873,303,23.879751,38.001949
874,303,23.87054,37.991343
875,303,23.798834,38.017413
876,303,23.804748,38.07553
878,303,23.764118,38.105266
879,303,23.982019,38.021094
880,303,23.737228,38.049712
882,303,23.827854,38.113631
883,303,23.870273,37.995753
884,303,23.848002,37.979613
885,303,23.8824,38.001414
887,303,23.789356,38.001792
888,303,23.718484,38.013893
889,303,23.858247,38.062507
891,303,23.881443,37.990126
892,303,23.90411,37.974033
893,303,23.784399,38.090823
894,303,23.787672,38.087344
895,303,23.880138,37.98896
896,303,23.839853,38.048835
897,303,23.835478,38.123576
898,303,23.882237,37.991001
899,303,23.816505,38.085662
900,303,23.815891,38.102557
901,303,23.875013,37.992309
903,303,23.767885,38.108031
904,303,23.768621,38.108791
905,303,23.836092,38.012714
906,303,23.798366,38.006736
908,303,23.806562,38.009639
910,303,23.738744,37.965289
911,303,23.776829,38.091014
912,303,23.811224,38.071834
913,303,23.89015,38.248233
914,303,23.840994,38.131172
915,303,23.875952,37.994102
916,303,23.921276,37.889179
917,303,23.80237,38.101161
918,303,23.767917,38.107753
920,303,23.784799,38.009154
921,303,23.856779,38.003024
