863,304,23.786148,38.084468
862,304,23.83283,38.032367
864,304,23.749117,37.977329
865,304,23.772528,38.001281
866,304,23.822994,38.032813
867,304,23.837982,38.029396
869,304,23.834883,38.092426
870,304,23.880774,38.003456
870,304,23.880774,38.003456
872,304,23.831281,38.118842
873,304,23.880602,38.00214
874,304,23.87219,37.993682
875,304,23.799913,38.017524
876,304,23.780284,38.077254
878,304,23.780216,38.091609
879,304,23.982355,38.028488
880,304,23.736698,38.050334
882,304,23.767339,38.107727
883,304,23.881374,37.990013
884,304,23.794827,38.002662
885,304,23.785536,38.009365
887,304,24.014347,37.87976
888,304,23.840484,38.1319
889,304,23.858057,38.061908
891,304,23.785427,38.008861
892,304,23.900434,37.976963
893,304,23.791973,38.092544
894,304,23.856518,38.032142
895,304,23.883175,37.892852
896,304,23.857384,38.135413
897,304,23.837938,38.128447
898,304,23.882086,37.99068
899,304,23.816852,38.087321
900,304,23.840992,38.130939
901,304,23.881898,37.990501
903,304,23.768517,38.108688
904,304,23.768742,38.108642
905,304,23.808432,38.040488
906,304,23.870668,37.990065
908,304,23.784775,38.026591
910,304,23.880253,37.989032
911,304,23.776517,38.091113
912,304,23.786581,38.085406
913,304,23.888211,38.245852
914,304,23.8372,38.126777
915,304,23.871903,38.005
916,304,23.906864,37.868663
917,304,23.840796,38.131359
918,304,23.768486,38.108806
920,304,23.881954,37.99055
921,304,23.860609,38.000713
