863,305,23.849528,38.114349
862,305,23.79343,37.822436
864,305,23.748966,37.977687
865,305,23.835264,38.012935
866,305,23.795521,38.005538
867,305,23.800731,38.017158
869,305,23.834902,38.093097
870,305,23.881252,37.990615
870,305,23.881252,37.990615
872,305,23.821016,38.075954
873,305,23.880321,38.000419
874,305,23.870309,37.995822
875,305,23.802722,38.018005
876,305,23.775509,38.004974
878,305,23.763939,38.106036
879,305,23.943527,38.002868
880,305,23.736679,38.050353
882,305,23.839251,38.130916
883,305,23.857856,38.007701
884,305,23.896322,37.947498
885,305,23.88258,37.999953
887,305,23.858017,38.002563
888,305,23.722025,38.018043
889,305,23.858306,38.061477
891,305,23.881393,37.990116
892,305,23.906361,37.965835
893,305,23.777509,38.075759
894,305,23.784521,38.083224
895,305,23.87504,37.992294
896,305,23.883732,38.238097
897,305,23.841018,38.131004
898,305,23.881596,37.990299
899,305,23.800215,38.098167
900,305,23.878895,38.007827
901,305,23.874492,37.992038
903,305,23.767925,38.108672
904,305,23.768772,38.109103
905,305,23.834723,38.013015
906,305,23.837744,38.029522
908,305,23.899746,37.963161
910,305,23.82731,38.014006
911,305,23.775507,38.091834
912,305,23.845718,38.139388
913,305,23.841093,38.130958
914,305,23.840974,38.131202
915,305,23.875881,37.996593
916,305,23.923607,37.88692
917,305,23.802941,38.101932
918,305,23.767847,38.108443
920,305,23.831826,38.013652
921,305,23.864808,37.998863
