863,308,23.787048,38.08575
862,308,23.836291,38.030326
864,308,23.785137,38.009517
865,308,23.767866,37.995551
866,308,23.823164,38.032623
867,308,23.884443,38.003383
869,308,23.840314,38.131862
870,308,23.878113,38.003722
870,308,23.878113,38.003722
872,308,23.821056,38.075374
873,308,23.881981,37.99139
874,308,23.861252,38.000319
875,308,23.808552,38.019279
876,308,23.781814,38.078944
878,308,23.763899,38.106074
879,308,23.982985,38.023757
880,308,23.733387,38.05112
882,308,23.767821,38.108348
883,308,23.881255,37.990001
884,308,23.794096,38.002071
885,308,23.785025,38.009265
887,308,24.013407,37.87973
888,308,23.837633,38.127658
889,308,23.859126,38.060634
891,308,23.785867,38.008621
892,308,23.906102,37.967487
893,308,23.78274,38.080477
894,308,23.853437,38.036551
895,308,23.881149,37.989791
896,308,23.884491,38.240557
897,308,23.841077,38.130958
898,308,23.949052,37.998405
899,308,23.816423,38.0866
900,308,23.730185,38.082847
901,308,23.871072,37.990058
903,308,23.768416,38.108871
904,308,23.768726,38.10879
905,308,23.833033,38.013385
906,308,23.837694,38.029551
908,308,23.897256,37.962162
910,308,23.82328,38.013846
911,308,23.774427,38.092483
912,308,23.845709,38.139426
913,308,23.88447,38.240302
914,308,23.84079,38.131388
915,308,23.867354,38.005893
916,308,23.926357,37.878799
917,308,23.80571,38.101459
918,308,23.768397,38.108753
920,308,23.78312,38.009765
921,308,23.873039,37.994472
