863,311,23.860256,38.108809
862,311,23.796079,37.822265
864,311,23.784767,38.009178
865,311,23.833735,38.013286
866,311,23.808569,38.010444
867,311,23.884443,38.003463
869,311,23.837634,38.127609
870,311,23.871933,38.005145
870,311,23.871933,38.005145
872,311,23.820986,38.074554
873,311,23.881901,37.990569
874,311,23.857952,38.005149
875,311,23.816433,38.020869
876,311,23.8042,38.075523
878,311,23.771098,38.100776
879,311,23.980459,38.018703
880,311,23.730615,38.05196
882,311,23.826013,38.109611
883,311,23.881244,37.990032
884,311,23.794077,38.001979
885,311,23.97677,38.014464
887,311,23.785974,38.001662
888,311,23.724874,38.021274
889,311,23.862196,38.011596
891,311,23.786447,38.008223
892,311,23.905691,37.969776
893,311,23.78661,38.085529
894,311,23.780701,38.077846
895,311,23.8479,37.985725
896,311,23.886151,38.242717
897,311,23.840979,38.131144
898,311,23.949163,37.998873
899,311,23.840762,38.1314
900,311,23.775593,38.091796
901,311,23.870314,37.995238
903,311,23.764843,38.111743
904,311,23.768636,38.108771
905,311,23.828432,38.013968
906,311,23.837444,38.029663
908,311,23.895058,37.959751
910,311,23.81941,38.013427
911,311,23.770689,38.092384
912,311,23.809504,38.065254
913,311,23.877512,38.240325
914,311,23.837704,38.127803
915,311,23.86977,37.996181
916,311,23.921047,37.870868
917,311,23.813358,38.104937
918,311,23.768684,38.107703
920,311,23.78052,38.009884
921,311,23.880619,37.98936
