863,314,23.790308,38.090266
862,314,23.838899,38.027553
864,314,23.783747,38.010295
865,314,23.766586,37.992862
866,314,23.83421,38.042666
867,314,23.884814,38.004455
869,314,23.830836,38.118686
870,314,23.863323,38.006747
870,314,23.863323,38.006747
872,314,23.820745,38.072395
873,314,23.8813,37.990032
874,314,23.858581,38.007411
875,314,23.829822,38.023452
876,314,23.785574,38.083915
878,314,23.776794,38.091079
879,314,23.948793,38.004477
880,314,23.727396,38.053
882,314,23.821595,38.092044
883,314,23.868673,37.996723
884,314,23.887981,37.933196
885,314,23.88133,37.993968
887,314,23.867313,37.997523
888,314,23.828874,38.116717
889,314,23.836222,38.124732
891,314,23.880752,37.989406
892,314,23.904571,37.973296
893,314,23.789659,38.089519
894,314,23.843315,38.044342
895,314,23.881596,37.889632
896,314,23.839723,38.049972
897,314,23.840738,38.13153
898,314,23.881395,37.990203
899,314,23.816255,38.084319
900,314,23.81936,38.107513
901,314,23.868506,37.996868
903,314,23.762705,38.112354
904,314,23.767792,38.10881
905,314,23.827272,38.014167
906,314,23.837015,38.029433
908,314,23.892588,37.957511
910,314,23.816411,38.012576
911,314,23.764748,38.09159
912,314,23.809023,38.062122
913,314,23.868103,38.237056
914,314,23.835915,38.124153
915,314,23.858755,38.007502
916,314,23.918056,37.868476
917,314,23.820808,38.109545
918,314,23.769573,38.107673
920,314,23.780341,38.009994
921,314,23.881639,37.99028
