863,315,23.865076,38.106262
862,315,23.79679,37.822254
864,315,23.786617,38.012386
865,315,23.831934,38.013686
866,315,23.808109,38.010192
867,315,23.837622,38.029544
869,315,23.828346,38.116835
870,315,23.860723,38.007266
870,315,23.860723,38.007266
872,315,23.840832,38.131244
873,315,23.88129,37.990032
874,315,23.858351,38.00756
875,315,23.831361,38.023822
876,315,23.774669,38.003894
878,315,23.767338,38.102386
879,315,23.978529,38.017421
880,315,23.723995,38.053859
882,315,23.826643,38.10847
883,315,23.846075,38.010234
884,315,23.794416,38.001689
885,315,23.97002,38.010543
887,315,23.783184,38.003051
888,315,23.725954,38.024756
889,315,23.83319,38.121093
891,315,23.880752,37.989417
892,315,23.891992,37.982451
893,315,23.781568,38.091735
894,315,23.78437,38.082443
895,315,23.872718,37.989734
896,315,23.8892,38.247528
897,315,23.839576,38.131763
898,315,23.946121,38.002055
899,315,23.84065,38.131598
900,315,23.840061,38.132514
901,315,23.865276,37.998618
903,315,23.761234,38.112143
904,315,23.768606,38.10881
905,315,23.826772,38.014099
906,315,23.797829,38.006465
908,315,23.805643,38.009246
910,315,23.739935,37.964084
911,315,23.764217,38.091521
912,315,23.792981,38.093715
913,315,23.869324,38.235515
914,315,23.815748,38.041346
915,315,23.86346,37.999469
916,315,23.916737,37.868015
917,315,23.823318,38.113337
918,315,23.770664,38.109267
920,315,23.864243,38.006557
921,315,23.88208,37.990661
