863,318,23.79485,38.09576
862,318,23.84293,38.026603
864,318,23.793485,38.016387
865,318,23.765626,37.991061
866,318,23.83231,38.041267
867,318,23.837181,38.029643
869,318,23.823487,38.111964
870,318,23.881283,37.990104
870,318,23.881283,37.990104
872,318,23.840891,38.131125
873,318,23.881859,37.988048
874,318,23.858162,38.010059
875,318,23.832714,38.024962
876,318,23.77404,38.003024
878,318,23.775413,38.091949
879,318,23.943134,38.002746
880,318,23.716404,38.061489
882,318,23.821205,38.091605
883,318,23.842436,38.010673
884,318,23.883771,37.934405
885,318,23.882021,37.990607
887,318,23.857969,38.002864
888,318,23.822773,38.110747
889,318,23.826,38.114562
891,318,23.880231,37.988998
892,318,23.888973,37.984493
893,318,23.780369,38.091563
894,318,23.840367,38.046024
895,318,23.881709,37.990402
896,318,23.839653,38.050593
897,318,23.839527,38.131492
898,318,23.881266,37.990146
899,318,23.815925,38.083549
900,318,23.823511,38.098777
901,318,23.857856,38.004077
903,318,23.759223,38.104934
904,318,23.768201,38.10889
905,318,23.825533,38.013991
906,318,23.797847,38.006454
908,318,23.805643,38.009227
910,318,23.740114,37.963984
911,318,23.762337,38.091281
912,318,23.79738,38.097026
913,318,23.841093,38.131099
914,318,23.830745,38.118743
915,318,23.855986,38.008316
916,318,23.911235,37.866817
917,318,23.830799,38.118499
918,318,23.769144,38.109397
920,318,23.867333,38.005645
921,318,23.880911,37.995292
