863,32,23.843054,38.139488
862,32,23.849903,38.00959
864,32,23.881456,37.990188
865,32,23.974061,38.092143
866,32,23.878015,37.990295
867,32,23.859302,37.988429
869,32,23.842307,38.136825
870,32,23.843902,38.010508
870,32,23.843902,38.010508
872,32,23.832872,38.120688
873,32,23.884504,38.003322
874,32,23.818732,38.013202
875,32,23.780519,38.029151
876,32,23.771688,38.092475
878,32,23.816885,38.10599
879,32,23.918166,37.99876
880,32,23.781023,38.091789
882,32,23.79282,38.094043
883,32,23.881428,37.990092
884,32,23.760834,38.025073
885,32,23.881151,37.98978
887,32,23.881895,37.990443
888,32,23.803948,38.099891
889,32,23.836035,38.124396
891,32,23.880834,37.988654
892,32,23.895216,37.903304
893,32,23.706867,38.017627
894,32,23.862661,37.999687
895,32,23.851255,37.966083
896,32,23.835896,38.123927
897,32,23.814964,38.102153
898,32,23.858587,38.002101
899,32,23.817489,38.088283
900,32,23.823906,38.066661
901,32,23.74599,38.023085
903,32,23.766959,38.097148
904,32,23.743685,38.100646
905,32,23.8817,37.990318
906,32,23.881633,37.990374
908,32,23.868251,37.997032
910,32,23.872683,37.989791
911,32,23.807648,38.075755
912,32,23.841098,38.130878
913,32,23.836178,38.124412
914,32,23.783637,38.090865
915,32,23.858431,38.006927
916,32,23.853756,38.006335
917,32,23.787294,38.091445
918,32,23.746607,38.098503
920,32,23.857834,38.007659
921,32,23.884154,37.987216
