863,321,23.875685,38.102252
862,321,23.800619,37.824966
864,321,23.795406,38.017604
865,321,23.828495,38.014037
866,321,23.79356,38.004157
867,321,23.837141,38.029582
869,321,23.810988,38.102664
870,321,23.845653,38.010307
870,321,23.845653,38.010307
872,321,23.840891,38.131064
873,321,23.893329,37.981498
874,321,23.860323,38.015262
875,321,23.828673,38.027621
876,321,23.7738,38.002746
878,321,23.763809,38.106166
879,321,23.941345,38.002227
880,321,23.716355,38.069041
882,321,23.821045,38.091407
883,321,23.838005,38.011874
884,321,23.795245,38.000808
885,321,23.95566,38.006671
887,321,23.781425,38.002231
888,321,23.841085,38.130943
889,321,23.82156,38.110198
891,321,23.875833,37.991737
892,321,23.886863,37.985664
893,321,23.77994,38.091495
894,321,23.786221,38.084513
895,321,23.847919,37.985282
896,321,23.786725,38.085048
897,321,23.837286,38.126106
898,321,23.941521,38.002246
899,321,23.816076,38.10543
900,321,23.774473,38.092494
901,321,23.857996,38.005484
903,321,23.768745,38.108337
904,321,23.769556,38.109218
905,321,23.881239,37.989959
906,321,23.836756,38.029121
908,321,23.805233,38.009109
910,321,23.740345,37.963867
911,321,23.760467,38.090862
912,321,23.80352,38.099406
913,321,23.875883,38.223972
914,321,23.827406,38.115985
915,321,23.857851,38.005038
916,321,23.911108,37.868778
917,321,23.837401,38.12706
918,321,23.768644,38.108856
920,321,23.867431,38.003314
921,321,23.880681,38.001971
