863,326,23.815081,38.103862
862,326,23.848989,38.0246
864,326,23.800136,38.017562
865,326,23.764246,37.989352
866,326,23.806917,38.00965
867,326,23.790243,38.015071
869,326,23.788938,38.088874
870,326,23.833474,38.013316
870,326,23.833474,38.013316
872,326,23.840931,38.130775
873,326,23.881691,37.990359
874,326,23.859663,38.023658
875,326,23.822624,38.032855
876,326,23.772391,38.001136
878,326,23.772593,38.092632
879,326,23.966648,38.009262
880,326,23.707486,38.06943
882,326,23.824611,38.112468
883,326,23.857863,38.003852
884,326,23.893153,37.916427
885,326,23.88183,37.990467
887,326,23.777246,38.001441
888,326,23.816364,38.102756
889,326,23.795,38.09621
891,326,23.785007,38.004966
892,326,23.89451,37.980769
893,326,23.80696,38.100829
894,326,23.839136,38.051444
895,326,23.870439,37.991115
896,326,23.786447,38.084968
897,326,23.81574,38.041392
898,326,23.879316,37.989505
899,326,23.814905,38.082191
900,326,23.774464,38.092494
901,326,23.858175,38.00619
903,326,23.758724,38.099788
904,326,23.769565,38.109279
905,326,23.822542,38.01377
906,326,23.879227,37.989505
908,326,23.886288,37.955669
910,326,23.805959,38.009254
911,326,23.758488,38.089973
912,326,23.811323,38.05432
913,326,23.837084,38.12627
914,326,23.840869,38.13111
915,326,23.843767,38.011108
916,326,23.908781,37.868896
917,326,23.84055,38.13169
918,326,23.770786,38.109107
920,326,23.775699,38.005371
921,326,23.880789,38.00341
