863,330,23.815601,38.105453
862,330,23.846979,38.021048
864,330,23.803327,38.018161
865,330,23.763487,37.988521
866,330,23.806806,38.009601
867,330,23.787413,38.013023
869,330,23.779629,38.077296
870,330,23.817543,38.012885
870,330,23.817543,38.012885
872,330,23.832963,38.061984
873,330,23.88121,37.98994
874,330,23.850464,38.026195
875,330,23.823105,38.032814
876,330,23.771709,38.000415
878,330,23.769441,38.0922
879,330,23.962288,38.00801
880,330,23.689836,38.071063
882,330,23.819394,38.089786
883,330,23.858463,38.00706
884,330,23.891813,37.900993
885,330,23.920279,37.99818
887,330,23.857901,38.003531
888,330,23.816044,38.102626
889,330,23.784799,38.083572
891,330,23.784218,38.003829
892,330,23.88825,37.984889
893,330,23.813289,38.10316
894,330,23.832476,38.051212
895,330,23.877934,37.885322
896,330,23.787588,38.087268
897,330,23.827816,38.116351
898,330,23.874937,37.992576
899,330,23.814525,38.08113
900,330,23.81599,38.102611
901,330,23.858355,38.006732
903,330,23.763683,38.098208
904,330,23.767881,38.10878
905,330,23.881517,37.990352
906,330,23.836235,38.02835
908,330,23.795336,38.018306
910,330,23.802229,38.007743
911,330,23.746746,38.084804
912,330,23.81509,38.103645
913,330,23.876882,38.216632
914,330,23.803196,38.099635
915,330,23.844417,38.016257
916,330,23.906948,37.868667
917,330,23.840959,38.13087
918,330,23.767864,38.108085
920,330,23.865542,37.998454
921,330,23.875201,38.00405
