863,331,23.890983,38.100902
862,331,23.804229,37.821212
864,331,23.804207,38.018332
865,331,23.824187,38.0139
866,331,23.79191,38.003669
867,331,23.890177,38.009594
869,331,23.780109,38.077117
870,331,23.812702,38.011707
870,331,23.812702,38.011707
872,331,23.833423,38.061733
873,331,23.906309,37.965575
874,331,23.850464,38.026206
875,331,23.823346,38.032615
876,331,23.77165,38.000335
878,331,23.766409,38.107913
879,331,23.964952,38.00835
880,331,23.686426,38.070891
882,331,23.831144,38.104602
883,331,23.827084,38.013976
884,331,23.886574,37.898994
885,331,23.915148,37.999488
887,331,23.858564,38.007274
888,331,23.734371,38.040908
889,331,23.782031,38.080123
891,331,23.865784,37.99934
892,331,23.880851,37.989368
893,331,23.706922,38.017535
894,331,23.828775,38.052123
895,331,23.871899,37.992694
896,331,23.842163,38.054519
897,331,23.842155,38.127017
898,331,23.936262,37.987785
899,331,23.843191,38.138092
900,331,23.845452,38.139274
901,331,23.858466,38.007182
903,331,23.765944,38.097468
904,331,23.767832,38.108817
905,331,23.850761,38.026748
906,331,23.79614,38.005939
908,331,23.885689,37.955088
910,331,23.740694,37.963744
911,331,23.746385,38.084655
912,331,23.840957,38.131149
913,331,23.843904,38.046481
914,331,23.796387,38.096995
915,331,23.85812,38.006141
916,331,23.907018,37.868758
917,331,23.841097,38.131064
918,331,23.767855,38.108085
920,331,23.827343,38.014022
921,331,23.87471,38.004562
