863,332,23.819751,38.108554
862,332,23.84865,38.020579
864,332,23.804987,38.018443
865,332,23.763157,37.988219
866,332,23.830049,38.041088
867,332,23.83683,38.029151
869,332,23.780849,38.077926
870,332,23.812022,38.011546
870,332,23.812022,38.011546
872,332,23.834053,38.061431
873,332,23.906099,37.964084
874,332,23.850214,38.026298
875,332,23.823225,38.032615
876,332,23.771539,38.000216
878,332,23.767381,38.091922
879,332,23.940477,37.995426
880,332,23.682286,38.07001
882,332,23.818933,38.107089
883,332,23.858494,38.007201
884,332,23.884492,37.897575
885,332,23.911787,38.002117
887,332,23.776056,38.003669
888,332,23.816025,38.102614
889,332,23.77964,38.077835
891,332,23.783888,38.003368
892,332,23.884041,37.98725
893,332,23.77819,38.091044
894,332,23.824887,38.053005
895,332,23.848181,37.984531
896,332,23.789118,38.089446
897,332,23.816101,38.041744
898,332,23.876167,37.994346
899,332,23.816031,38.083758
900,332,23.772013,38.092563
901,332,23.858426,38.007221
903,332,23.769363,38.096408
904,332,23.768371,38.108817
905,332,23.821863,38.01374
906,332,23.881348,37.990177
908,332,23.803663,38.008381
910,332,23.88117,37.989944
911,332,23.745876,38.084426
912,332,23.808853,38.049961
913,332,23.840933,38.126727
914,332,23.792437,38.093573
915,332,23.843967,38.017036
916,332,23.907117,37.868839
917,332,23.840816,38.131472
918,332,23.770357,38.109157
920,332,23.77372,38.002719
921,332,23.87537,38.005023
