863,333,23.892313,38.101291
862,333,23.80872,37.821941
864,333,23.806477,38.018775
865,333,23.824116,38.0139
866,333,23.806627,38.009509
867,333,23.845392,37.994563
869,333,23.78265,38.080077
870,333,23.809191,38.010775
870,333,23.809191,38.010775
872,333,23.834803,38.06108
873,333,23.901989,37.963004
874,333,23.847663,38.027118
875,333,23.822965,38.032455
876,333,23.786423,38.084686
878,333,23.76771,38.107753
879,333,23.929745,37.998058
880,333,23.678805,38.06903
882,333,23.818493,38.089096
883,333,23.826852,38.013965
884,333,23.883343,37.893733
885,333,23.907147,38.002635
887,333,23.857882,38.003883
888,333,23.735342,38.043288
889,333,23.779582,38.077414
891,333,23.866354,38.00051
892,333,23.881241,37.989776
893,333,23.829905,38.118609
894,333,23.786411,38.084502
895,333,23.881274,37.990134
896,333,23.855843,38.136962
897,333,23.825416,38.114131
898,333,23.934662,37.983863
899,333,23.826407,38.11494
900,333,23.717444,38.080176
901,333,23.858474,38.007461
903,333,23.771405,38.09592
904,333,23.768442,38.108818
905,333,23.85045,38.026507
906,333,23.835674,38.027659
908,333,23.796055,38.017787
910,333,23.867243,37.989226
911,333,23.745266,38.084544
912,333,23.815519,38.103023
913,333,23.876833,38.21572
914,333,23.791505,38.092384
915,333,23.85812,38.006141
916,333,23.907498,37.869147
917,333,23.840428,38.131724
918,333,23.767905,38.108573
920,333,23.868271,37.996994
921,333,23.87607,38.005485
