863,335,23.893312,38.101832
862,335,23.815371,37.822681
864,335,23.808746,38.019286
865,335,23.823446,38.013862
866,335,23.82946,38.043437
867,335,23.784942,38.011241
869,335,23.785681,38.083949
870,335,23.802132,38.007686
870,335,23.802132,38.007686
872,335,23.836004,38.060783
873,335,23.894638,37.959212
874,335,23.843584,38.027758
875,335,23.822277,38.033004
876,335,23.786672,38.084995
878,335,23.76783,38.108462
879,335,23.959972,38.00793
880,335,23.670404,38.065913
882,335,23.817034,38.104171
883,335,23.859724,38.007282
884,335,23.882322,37.891441
885,335,23.899956,38.003184
887,335,23.775727,38.004551
888,335,23.813524,38.101806
889,335,23.780861,38.078025
891,335,23.866505,38.00098
892,335,23.881241,37.989814
893,335,23.707233,38.016117
894,335,23.786722,38.084621
895,335,23.875534,37.883219
896,335,23.790777,38.091915
897,335,23.816101,38.041935
898,335,23.934721,37.979682
899,335,23.814387,38.080611
900,335,23.840284,38.131602
901,335,23.856124,38.008521
903,335,23.772774,38.09859
904,335,23.768042,38.108748
905,335,23.820324,38.01366
906,335,23.881317,37.990237
908,335,23.803663,38.008342
910,335,23.88126,37.989932
911,335,23.745284,38.086116
912,335,23.815849,38.102462
913,335,23.843332,38.127159
914,335,23.786575,38.086006
915,335,23.858259,38.006549
916,335,23.907624,37.868583
917,335,23.839528,38.131118
918,335,23.768474,38.108745
920,335,23.770639,37.99953
921,335,23.87705,38.006133
