863,338,23.893423,38.101802
862,338,23.850501,38.020854
864,338,23.821896,38.022037
865,338,23.761608,37.98735
866,338,23.828279,38.043456
867,338,23.847072,37.994533
869,338,23.78665,38.08438
870,338,23.795801,38.005725
870,338,23.795801,38.005725
872,338,23.835794,38.059371
873,338,23.880121,37.989059
874,338,23.838083,38.029342
875,338,23.822977,38.032405
876,338,23.7712,37.999889
878,338,23.757122,38.090839
879,338,23.955038,38.006266
880,338,23.660474,38.061042
882,338,23.816293,38.10274
883,338,23.860004,38.007262
884,338,23.826071,38.0572
885,338,23.891625,38.004634
887,338,23.775636,38.00473
888,338,23.742333,38.049495
889,338,23.78593,38.084334
891,338,23.783567,38.002959
892,338,23.8813,37.989898
893,338,23.815788,38.10538
894,338,23.816996,38.052615
895,338,23.870279,37.995746
896,338,23.852822,38.13951
897,338,23.813851,38.043285
898,338,23.872987,37.995697
899,338,23.829835,38.118499
900,338,23.713163,38.079917
901,338,23.855665,38.010619
903,338,23.776825,38.100902
904,338,23.768482,38.108818
905,338,23.820074,38.01361
906,338,23.881397,37.990138
908,338,23.918369,37.999995
910,338,23.740814,37.963664
911,338,23.745234,38.084304
912,338,23.807823,38.047714
913,338,23.845932,38.127917
914,338,23.775486,38.075126
915,338,23.842306,38.017406
916,338,23.908918,37.869986
917,338,23.754912,38.046894
918,338,23.768757,38.108787
920,338,23.767799,37.995349
921,338,23.877739,38.007033
