863,340,23.830112,38.118724
862,340,23.822679,37.813548
864,340,23.830015,38.023536
865,340,23.819856,38.013541
866,340,23.825549,38.042155
867,340,23.882236,37.990638
869,340,23.835022,38.092849
870,340,23.790651,38.002246
870,340,23.790651,38.002246
872,340,23.836654,38.058944
873,340,23.878632,37.989909
874,340,23.837583,38.029575
875,340,23.822996,38.032935
876,340,23.770979,37.999698
878,340,23.767479,38.104548
879,340,23.936028,37.987365
880,340,23.653005,38.061442
882,340,23.827794,38.101917
883,340,23.768181,37.996116
884,340,23.82534,38.055392
885,340,23.884724,38.003662
887,340,23.860614,38.007602
888,340,23.744792,38.052466
889,340,23.786141,38.084544
891,340,23.783567,38.002948
892,340,23.881977,37.990566
893,340,23.776692,38.091136
894,340,23.787481,38.084892
895,340,23.870338,37.995765
896,340,23.837463,38.058849
897,340,23.848706,38.129581
898,340,23.869108,37.996547
899,340,23.814266,38.08013
900,340,23.840185,38.131571
901,340,23.854086,38.012931
903,340,23.780335,38.100742
904,340,23.769085,38.109317
905,340,23.819214,38.013389
906,340,23.795391,38.005481
908,340,23.8858,37.947257
910,340,23.79364,38.004234
911,340,23.749754,38.086184
912,340,23.807724,38.047324
913,340,23.840254,38.047019
914,340,23.765337,38.071067
915,340,23.841695,38.017036
916,340,23.909319,37.870357
917,340,23.754862,38.046905
918,340,23.768507,38.108775
920,340,23.826263,38.014
921,340,23.878649,38.006793
