863,344,23.838111,38.128665
862,344,23.833658,37.815448
864,344,23.834516,38.026496
865,344,23.810426,38.011386
866,344,23.82074,38.040294
867,344,23.847073,37.994434
869,344,23.833891,38.092777
870,344,23.783731,38.002765
870,344,23.783731,38.002765
872,344,23.768247,38.10873
873,344,23.875162,37.992851
874,344,23.836355,38.028415
875,344,23.822698,38.033122
876,344,23.77042,37.999221
878,344,23.766049,38.104659
879,344,23.934766,37.982806
880,344,23.634391,38.065082
882,344,23.825064,38.099524
883,344,23.861075,38.010459
884,344,23.82456,38.053314
885,344,23.883204,38.002372
887,344,23.775526,38.004829
888,344,23.809343,38.094329
889,344,23.858516,38.059085
891,344,23.783877,38.002555
892,344,23.930168,37.842205
893,344,23.776672,38.091136
894,344,23.813256,38.053592
895,344,23.870348,37.995765
896,344,23.84571,38.139407
897,344,23.808779,38.045127
898,344,23.861978,38.000056
899,344,23.839779,38.131923
900,344,23.710114,38.079719
901,344,23.847807,38.020809
903,344,23.790523,38.110755
904,344,23.768774,38.108924
905,344,23.85166,38.01831
906,344,23.881357,37.989978
908,344,23.885448,37.944866
910,344,23.867542,37.982753
911,344,23.759325,38.090369
912,344,23.804674,38.043582
913,344,23.851862,38.130195
914,344,23.759746,38.066077
915,344,23.837776,38.015926
916,344,23.908199,37.870506
917,344,23.754272,38.046321
918,344,23.767872,38.112807
920,344,23.764038,37.989249
921,344,23.878347,38.005999
