863,350,23.893352,38.10176
862,350,23.855076,37.825527
864,350,23.843368,38.026237
865,350,23.805546,38.009296
866,350,23.817959,38.040515
867,350,23.880926,37.995338
869,350,23.82821,38.097278
870,350,23.775773,38.004421
870,350,23.775773,38.004421
872,350,23.839264,38.051364
873,350,23.874761,37.995772
874,350,23.834366,38.026313
875,350,23.830637,38.026672
876,350,23.786524,38.084796
878,350,23.763979,38.105949
879,350,23.942498,38.002548
880,350,23.616131,38.065593
882,350,23.816601,38.085243
883,350,23.860365,38.014579
884,350,23.83123,38.051383
885,350,23.880175,37.999229
887,350,23.857891,38.004573
888,350,23.809442,38.088119
889,350,23.855086,38.054073
891,350,23.871455,38.00518
892,350,23.916359,37.848445
893,350,23.826988,38.115493
894,350,23.812505,38.05381
895,350,23.864649,37.998939
896,350,23.845332,38.138896
897,350,23.807989,38.045428
898,350,23.857899,38.003509
899,350,23.812436,38.077041
900,350,23.758983,38.090209
901,350,23.847215,38.02727
903,350,23.796062,38.123637
904,350,23.767712,38.111053
905,350,23.85507,38.01118
906,350,23.79462,38.004928
908,350,23.797374,38.01733
910,350,23.741283,37.963058
911,350,23.773914,38.092719
912,350,23.753536,38.058258
913,350,23.857813,38.131397
914,350,23.815838,38.041408
915,350,23.832056,38.016353
916,350,23.907078,37.870257
917,350,23.841124,38.131164
918,350,23.767593,38.109729
920,350,23.761617,37.987247
921,350,23.874478,38.004539
