863,352,23.8411,38.130946
862,352,23.863146,37.830978
864,352,23.848678,38.024967
865,352,23.803746,38.008544
866,352,23.781561,38.009826
867,352,23.894606,38.011013
869,352,23.82518,38.098838
870,352,23.775623,38.004531
870,352,23.775623,38.004531
872,352,23.839693,38.049014
873,352,23.873011,37.995712
874,352,23.833566,38.025164
875,352,23.832697,38.025271
876,352,23.76988,37.998622
878,352,23.764198,38.106517
879,352,23.931566,37.973666
880,352,23.60799,38.061293
882,352,23.815753,38.102542
883,352,23.766901,37.993014
884,352,23.83391,38.051143
885,352,23.880264,37.997699
887,352,23.857941,38.005054
888,352,23.809812,38.086601
889,352,23.852545,38.052932
891,352,23.871583,38.00516
892,352,23.912319,37.850333
893,352,23.775563,38.091888
894,352,23.812447,38.053791
895,352,23.869037,37.996555
896,352,23.836344,38.060512
897,352,23.859264,38.131553
898,352,23.835653,38.051085
899,352,23.81449,38.080886
900,352,23.708864,38.077659
901,352,23.843357,38.027491
903,352,23.770065,38.108043
904,352,23.767681,38.111041
905,352,23.855289,38.0092
906,352,23.79414,38.004627
908,352,23.802784,38.007949
910,352,23.783819,38.002727
911,352,23.780494,38.091659
912,352,23.839451,38.131248
913,352,23.868374,38.207172
914,352,23.815847,38.04142
915,352,23.831025,38.017345
916,352,23.909542,37.869232
917,352,23.824657,38.114226
918,352,23.768263,38.10876
920,352,23.824714,38.013919
921,352,23.879008,38.003878
