863,353,23.893612,38.101951
862,353,23.867466,37.835029
864,353,23.848728,38.024085
865,353,23.904099,38.002777
866,353,23.815588,38.042297
867,353,23.835681,38.027652
869,353,23.825171,38.098849
870,353,23.775734,38.004451
870,353,23.775734,38.004451
872,353,23.765019,38.107062
873,353,23.86207,37.951625
874,353,23.832707,38.025023
875,353,23.832867,38.024833
876,353,23.786984,38.085616
878,353,23.757873,38.102893
879,353,23.902283,38.002868
880,353,23.605141,38.057983
882,353,23.816471,38.084922
883,353,23.860365,38.01789
884,353,23.869244,37.878471
885,353,23.881315,37.993907
887,353,23.85798,38.005344
888,353,23.777502,38.075813
889,353,23.848724,38.052661
891,353,23.784478,38.002284
892,353,23.90773,37.852393
893,353,23.840915,38.131141
894,353,23.762952,38.041621
895,353,23.849931,37.981056
896,353,23.810077,38.102416
897,353,23.80799,38.045398
898,353,23.858259,38.006309
899,353,23.837647,38.127826
900,353,23.840946,38.13092
901,353,23.881286,37.990005
903,353,23.800373,38.115806
904,353,23.767422,38.11008
905,353,23.809051,38.040217
906,353,23.826372,38.022911
908,353,23.908291,38.003917
910,353,23.741383,37.962817
911,353,23.784784,38.090808
912,353,23.754057,38.058906
913,353,23.854374,38.053016
914,353,23.756276,38.060184
915,353,23.845429,38.010345
916,353,23.909591,37.868953
917,353,23.840884,38.131416
918,353,23.768574,38.108722
920,353,23.761538,37.987216
921,353,23.879907,38.003898
