863,354,23.807335,38.086337
862,354,23.870815,37.839229
864,354,23.847359,38.021717
865,354,23.802725,38.008094
866,354,23.804207,38.00843
867,354,23.880186,37.998877
869,354,23.824961,38.09896
870,354,23.775574,38.004581
870,354,23.775574,38.004581
872,354,23.839733,38.048553
873,354,23.87034,37.996032
874,354,23.832176,38.025374
875,354,23.830717,38.023864
876,354,23.7698,37.998622
878,354,23.764719,38.107005
879,354,23.937597,38.000957
880,354,23.602122,38.056053
882,354,23.840628,38.13148
883,354,23.822556,38.013755
884,354,23.83534,38.051204
885,354,23.882086,37.990737
887,354,23.857971,38.005363
888,354,23.810352,38.0838
889,354,23.845194,38.050582
891,354,23.872154,38.007
892,354,23.90324,37.854434
893,354,23.830149,38.118755
894,354,23.762734,38.04153
895,354,23.881264,37.990023
896,354,23.841732,38.136004
897,354,23.799217,38.098037
898,354,23.920589,37.966361
899,354,23.837799,38.128131
900,354,23.822991,38.099009
901,354,23.841887,38.027652
903,354,23.769155,38.107711
904,354,23.767612,38.10934
905,354,23.808972,38.040268
906,354,23.794121,38.004615
908,354,23.798294,38.01728
910,354,23.863413,37.975501
911,354,23.788355,38.091377
912,354,23.806284,38.040534
913,354,23.859062,38.131656
914,354,23.815777,38.04214
915,354,23.829496,38.018886
916,354,23.910112,37.868621
917,354,23.750923,38.046809
918,354,23.768573,38.108802
920,354,23.88136,37.990013
921,354,23.880737,38.003058
