863,355,23.841071,38.130965
862,355,23.872296,37.843707
864,355,23.847168,38.020995
865,355,23.899978,38.003227
866,355,23.781061,38.009864
867,355,23.780814,38.009921
869,355,23.825501,38.099662
870,355,23.881252,37.990203
870,355,23.881252,37.990203
872,355,23.764528,38.106704
873,355,23.8628,37.950107
874,355,23.832176,38.025454
875,355,23.827788,38.023243
876,355,23.786984,38.085616
878,355,23.758853,38.104385
879,355,23.936252,38.000251
880,355,23.59794,38.056514
882,355,23.823991,38.096461
883,355,23.766281,37.991706
884,355,23.865354,37.8758
885,355,23.881466,37.990329
887,355,23.85799,38.005523
888,355,23.782652,38.080394
889,355,23.841864,38.048171
891,355,23.785158,38.001926
892,355,23.89979,37.855266
893,355,23.709972,38.011062
894,355,23.811577,38.054309
895,355,23.861559,38.000159
896,355,23.836704,38.061881
897,355,23.857923,38.129962
898,355,23.836483,38.051135
899,355,23.812315,38.076812
900,355,23.838732,38.140693
901,355,23.881256,37.990066
903,355,23.802503,38.111995
904,355,23.768473,38.108859
905,355,23.854889,38.00785
906,355,23.822373,38.022158
908,355,23.885847,37.937568
910,355,23.782699,38.003296
911,355,23.790474,38.092048
912,355,23.84074,38.131408
913,355,23.836567,38.042891
914,355,23.756227,38.059642
915,355,23.842529,38.010677
916,355,23.910233,37.868609
917,355,23.823557,38.113227
918,355,23.768774,38.108764
920,355,23.824385,38.013908
921,355,23.880318,38.00014
