863,356,23.894072,38.102401
862,356,23.873556,37.849258
864,356,23.849558,38.020637
865,356,23.800884,38.007465
866,356,23.812769,38.043815
867,356,23.896736,38.011661
869,356,23.825661,38.101253
870,356,23.881221,37.990192
870,356,23.881221,37.990192
872,356,23.839783,38.048091
873,356,23.868101,37.99713
874,356,23.832396,38.025436
875,356,23.827257,38.023124
876,356,23.76957,37.998432
878,356,23.76594,38.106944
879,356,23.927796,37.970535
880,356,23.595371,38.054885
882,356,23.813154,38.101562
883,356,23.860424,38.019802
884,356,23.836641,38.051216
885,356,23.881496,37.990058
887,356,23.85803,38.005722
888,356,23.807811,38.081382
889,356,23.839745,38.046752
891,356,23.870804,38.009338
892,356,23.89564,37.855895
893,356,23.775543,38.091888
894,356,23.762314,38.041289
895,356,23.862913,37.874339
896,356,23.839943,38.131842
897,356,23.793327,38.094546
898,356,23.85853,38.00724
899,356,23.839013,38.140674
900,356,23.758853,38.090159
901,356,23.839237,38.028793
903,356,23.768785,38.108192
904,356,23.768491,38.108821
905,356,23.855068,38.00627
906,356,23.79388,38.004443
908,356,23.802645,38.00785
910,356,23.861993,37.973831
911,356,23.790955,38.092158
912,356,23.754716,38.059745
913,356,23.864933,38.206401
914,356,23.813107,38.043609
915,356,23.827757,38.018257
916,356,23.910033,37.868621
917,356,23.840873,38.131397
918,356,23.768873,38.108912
920,356,23.823605,38.013858
921,356,23.880577,37.996761
