863,357,23.809434,38.086417
862,357,23.851551,38.018505
864,357,23.851438,38.018615
865,357,23.896469,38.003806
866,357,23.803306,38.008071
867,357,23.835611,38.027591
869,357,23.825891,38.103762
870,357,23.881292,37.990001
870,357,23.881292,37.990001
872,357,23.763798,38.106475
873,357,23.864521,37.947295
874,357,23.832466,38.025546
875,357,23.824297,38.022563
876,357,23.76956,37.998382
878,357,23.759495,38.105235
879,357,23.896852,38.003639
880,357,23.591782,38.054477
882,357,23.816201,38.08422
883,357,23.821045,38.013694
884,357,23.861184,37.873488
885,357,23.881317,37.990058
887,357,23.85804,38.005722
888,357,23.786731,38.085754
889,357,23.841015,38.045482
891,357,23.785168,38.001926
892,357,23.89282,37.857246
893,357,23.840975,38.131023
894,357,23.811437,38.05654
895,357,23.866296,37.998096
896,357,23.813818,38.105117
897,357,23.856542,38.126564
898,357,23.916809,37.967323
899,357,23.813939,38.079307
900,357,23.707024,38.074848
901,357,23.881256,37.990054
903,357,23.804304,38.108733
904,357,23.768572,38.108802
905,357,23.818193,38.012992
906,357,23.819023,38.02153
908,357,23.903012,38.004096
910,357,23.78208,38.003055
911,357,23.792524,38.093811
912,357,23.808144,38.039664
913,357,23.854364,38.053046
914,357,23.755688,38.058841
915,357,23.838958,38.011466
916,357,23.908592,37.868892
917,357,23.750442,38.047839
918,357,23.768962,38.108802
920,357,23.823065,38.013839
921,357,23.881496,37.993362
