863,358,23.809453,38.086959
862,358,23.873796,37.854896
864,358,23.853218,38.014637
865,358,23.799895,38.007212
866,358,23.780401,38.009974
867,358,23.880636,38.001857
869,358,23.825891,38.106624
870,358,23.881312,37.98997
870,358,23.881312,37.98997
872,358,23.839813,38.047862
873,358,23.864981,37.99879
874,358,23.831615,38.025955
875,358,23.820828,38.022113
876,358,23.787344,38.086166
878,358,23.7663,38.107833
879,358,23.932768,37.998946
880,358,23.58801,38.055416
882,358,23.840038,38.131812
883,358,23.766241,37.991546
884,358,23.837622,38.051376
885,358,23.881609,37.990337
887,358,23.858139,38.006152
888,358,23.807371,38.078593
889,358,23.844244,38.043731
891,358,23.871273,38.012447
892,358,23.891321,37.859557
893,358,23.831068,38.118964
894,358,23.762215,38.041239
895,358,23.849941,37.980464
896,358,23.838564,38.064662
897,358,23.807338,38.045638
898,358,23.838293,38.051486
899,358,23.839756,38.131927
900,358,23.818741,38.086062
901,358,23.838568,38.029083
903,358,23.768545,38.108711
904,358,23.76859,38.108821
905,358,23.856088,38.00534
906,358,23.793831,38.004394
908,358,23.798325,38.01728
910,358,23.862074,37.97285
911,358,23.794565,38.095989
912,358,23.84087,38.131289
913,358,23.859201,38.131644
914,358,23.809996,38.044669
915,358,23.825457,38.017425
916,358,23.906982,37.868671
917,358,23.840879,38.130832
918,358,23.768736,38.108676
920,358,23.822904,38.013828
921,358,23.882027,37.990722
