863,36,23.841104,38.130885
862,36,23.843823,38.010783
864,36,23.8813,37.990207
865,36,23.979242,38.081985
866,36,23.873606,37.993644
867,36,23.867994,37.989909
869,36,23.853337,38.139407
870,36,23.833532,38.01329
870,36,23.833532,38.01329
872,36,23.827374,38.115139
873,36,23.885784,38.005489
874,36,23.805592,38.009082
875,36,23.781879,38.0283
876,36,23.780977,38.091705
878,36,23.806163,38.100841
879,36,23.898476,38.00339
880,36,23.777535,38.091025
882,36,23.783529,38.090983
883,36,23.854166,38.00307
884,36,23.773134,38.033405
885,36,23.88993,38.004352
887,36,23.880516,37.98923
888,36,23.782948,38.081084
889,36,23.816358,38.102824
891,36,23.905218,37.970298
892,36,23.894625,37.910014
893,36,23.715977,38.008868
894,36,23.874113,38.004611
895,36,23.867026,37.989051
896,36,23.840668,38.131564
897,36,23.820604,38.108554
898,36,23.865766,37.998359
899,36,23.819921,38.079803
900,36,23.834469,38.122283
901,36,23.752782,38.019943
903,36,23.772958,38.098754
904,36,23.741825,38.101977
905,36,23.881512,37.990169
906,36,23.861111,37.973323
908,36,23.857921,38.003562
910,36,23.870292,37.995773
911,36,23.807716,38.071582
912,36,23.840612,38.131331
913,36,23.828878,38.116645
914,36,23.789527,38.091316
915,36,23.846743,38.010207
916,36,23.881326,37.990081
917,36,23.788693,38.091327
918,36,23.739267,38.102397
920,36,23.858345,38.011958
921,36,23.898763,37.978057
