863,368,23.825305,38.113071
862,368,23.873328,37.876407
864,368,23.855177,38.007053
865,368,23.883579,38.003605
866,368,23.808418,38.049056
867,368,23.835262,38.027202
869,368,23.839703,38.131828
870,368,23.88076,38.003429
870,368,23.88076,38.003429
872,368,23.834974,38.043384
873,368,23.85854,38.007209
874,368,23.821466,38.034118
875,368,23.800398,38.017722
876,368,23.811542,38.102592
878,368,23.770049,38.108065
879,368,23.922757,37.966312
880,368,23.572839,38.048564
882,368,23.815781,38.083339
883,368,23.859264,38.02782
884,368,23.839334,38.046996
885,368,23.87372,37.995239
887,368,23.860306,38.00727
888,368,23.880819,37.989494
889,368,23.857004,38.031646
891,368,23.785948,38.001605
892,368,23.879249,37.87997
893,368,23.775572,38.094116
894,368,23.808365,38.060153
895,368,23.849222,37.979701
896,368,23.826038,38.114498
897,368,23.853264,38.115874
898,368,23.860321,38.007258
899,368,23.840887,38.131255
900,368,23.756593,38.091197
901,368,23.88122,37.989849
903,368,23.768746,38.107741
904,368,23.767931,38.112731
905,368,23.881139,37.990119
906,368,23.79211,38.003234
908,368,23.799154,38.017341
910,368,23.863745,37.964885
911,368,23.827126,38.115623
912,368,23.758526,38.064296
913,368,23.839275,38.046424
914,368,23.809574,38.050452
915,368,23.815376,38.0158
916,368,23.908253,37.868762
917,368,23.802896,38.099509
918,368,23.770547,38.108634
920,368,23.881819,37.99044
921,368,23.879046,37.98973
