863,370,23.828465,38.116229
862,370,23.875196,37.880237
864,370,23.856437,38.005191
865,370,23.882699,38.003795
866,370,23.779781,38.009803
867,370,23.776262,38.006041
869,370,23.840843,38.131297
870,370,23.876002,38.00392
870,370,23.876002,38.00392
872,370,23.834395,38.042933
873,370,23.859579,38.00732
874,370,23.849033,37.982592
875,370,23.797317,38.017524
876,370,23.801189,38.075652
878,370,23.769739,38.108158
879,370,23.917088,37.998989
880,370,23.559479,38.050205
882,370,23.821161,38.091552
883,370,23.764601,37.989367
884,370,23.840195,37.858226
885,370,23.87046,37.996116
887,370,23.860957,38.009643
888,370,23.802923,38.099196
889,370,23.859104,38.030048
891,370,23.865643,38.017242
892,370,23.879259,37.883079
893,370,23.839699,38.131953
894,370,23.808325,38.060481
895,370,23.858212,37.871467
896,370,23.828628,38.117099
897,370,23.770926,38.073188
898,370,23.839422,38.047095
899,370,23.812374,38.074283
900,370,23.706474,38.074596
901,370,23.881267,37.989951
903,370,23.768816,38.10823
904,370,23.767321,38.113242
905,370,23.80833,38.060249
906,370,23.791851,38.002982
908,370,23.802355,38.00777
910,370,23.741062,37.962467
911,370,23.832084,38.119811
912,370,23.759497,38.065967
913,370,23.852035,38.055285
914,370,23.810403,38.052024
915,370,23.813995,38.016341
916,370,23.909193,37.868842
917,370,23.752795,38.054561
918,370,23.769878,38.107715
920,370,23.813954,38.012031
921,370,23.875175,37.99224
