863,374,23.840641,38.131705
862,374,23.879287,37.886584
864,374,23.863997,37.999229
865,374,23.880979,38.003887
866,374,23.811697,38.054614
867,374,23.775822,38.005462
869,374,23.786129,38.084231
870,374,23.86145,38.007106
870,374,23.86145,38.007106
872,374,23.835404,38.041782
873,374,23.860678,38.007789
874,374,23.849684,37.984054
875,374,23.794047,38.020584
876,374,23.800659,38.077621
878,374,23.769548,38.108337
879,374,23.912499,38.000956
880,374,23.555569,38.048576
882,374,23.886236,38.095352
883,374,23.857053,38.031661
884,374,23.840975,38.045516
885,374,23.860079,38.001087
887,374,23.860286,38.015887
888,374,23.809213,38.101665
889,374,23.860124,38.021365
891,374,23.786589,38.001285
892,374,23.882011,37.990585
893,374,23.711094,38.010463
894,374,23.808685,38.060069
895,374,23.856211,37.870037
896,374,23.8326,38.120467
897,374,23.850453,38.114337
898,374,23.861021,38.00978
899,374,23.8261,38.114016
900,374,23.8406,38.130993
901,374,23.881146,37.989741
903,374,23.768566,38.108569
904,374,23.768276,38.10934
905,374,23.817504,38.012893
906,374,23.791481,38.002773
908,374,23.802284,38.007808
910,374,23.740991,37.962436
911,374,23.840706,38.131458
912,374,23.771167,38.072959
913,374,23.858002,38.130046
914,374,23.811773,38.054847
915,374,23.812373,38.01697
916,374,23.910292,37.868602
917,374,23.793017,38.094219
918,374,23.768713,38.108741
920,374,23.812733,38.01176
921,374,23.869286,37.990478
