863,375,23.805726,38.082252
862,375,23.845129,38.018569
864,375,23.868107,37.997069
865,375,23.761487,37.987269
866,375,23.796576,38.005867
867,375,23.905247,38.020228
869,375,23.786389,38.084712
870,375,23.858779,38.007495
870,375,23.858779,38.007495
872,375,23.751527,38.094996
873,375,23.873571,37.909957
874,375,23.814176,38.038901
875,375,23.793726,38.021045
876,375,23.815623,38.102832
878,375,23.767942,38.108669
879,375,23.909693,38.00254
880,375,23.560558,38.050166
882,375,23.836628,38.125534
883,375,23.816946,38.012679
884,375,23.852012,37.979701
885,375,23.785255,38.009513
887,375,24.012278,37.879535
888,375,23.876618,37.991183
889,375,23.860335,38.017985
891,375,23.786598,38.001296
892,375,23.879259,37.883968
893,375,23.775883,38.094486
894,375,23.808636,38.057929
895,375,23.857906,38.003657
896,375,23.830734,38.070602
897,375,23.810279,38.051906
898,375,23.900162,37.977164
899,375,23.811455,38.072284
900,375,23.752653,38.094058
901,375,23.880995,37.989551
903,375,23.823515,38.112567
904,375,23.768446,38.109279
905,375,23.872667,37.994853
906,375,23.805812,38.018802
908,375,23.883131,38.004585
910,375,23.863485,37.959594
911,375,23.840836,38.131259
912,375,23.776018,38.074939
913,375,23.839876,38.048904
914,375,23.752417,38.048991
915,375,23.827671,38.014011
916,375,23.90692,37.86864
917,375,23.839714,38.130717
918,375,23.768049,38.108718
920,375,23.761317,37.987289
921,375,23.867316,37.989276
