863,379,23.83967,38.131766
862,379,23.884998,37.891875
864,379,23.881128,37.98984
865,379,23.792963,38.003902
866,379,23.77847,38.008354
867,379,23.908827,38.022239
869,379,23.790959,38.09088
870,379,23.845569,38.010295
870,379,23.845569,38.010295
872,379,23.746569,38.098537
873,379,23.873022,37.906906
874,379,23.813097,38.039222
875,379,23.788365,38.024646
876,379,23.80041,38.083103
878,379,23.768043,38.107719
879,379,23.905182,38.002651
880,379,23.572849,38.048091
882,379,23.886097,38.096813
883,379,23.763761,37.988566
884,379,23.852272,37.980201
885,379,23.85837,38.006739
887,379,24.014088,37.879687
888,379,23.875257,37.992175
889,379,23.857375,38.010005
891,379,23.864223,38.01844
892,379,23.881796,37.990424
893,379,23.840957,38.131072
894,379,23.762195,38.041038
895,379,23.858217,38.006149
896,379,23.824295,38.071109
897,379,23.759005,38.069076
898,379,23.846552,38.042407
899,379,23.811014,38.069163
900,379,23.823621,38.098681
901,379,23.836566,38.028758
903,379,23.830765,38.11861
904,379,23.769676,38.109355
905,379,23.809462,38.040145
906,379,23.801402,38.01786
908,379,23.882079,38.004703
910,379,23.861675,37.957874
911,379,23.840835,38.131007
912,379,23.841099,38.130939
913,379,23.839706,38.050365
914,379,23.755476,38.047873
915,379,23.825562,38.013942
916,379,23.907832,37.868636
917,379,23.757044,38.061882
918,379,23.76817,38.108745
920,379,23.810442,38.011237
921,379,23.867806,37.982066
