863,381,23.83856,38.129486
862,381,23.897329,37.887954
864,381,23.881227,37.990039
865,381,23.792483,38.00355
866,381,23.795704,38.005477
867,381,23.867006,38.006061
869,381,23.797669,38.097072
870,381,23.839069,38.011367
870,381,23.839069,38.011367
872,381,23.743449,38.100795
873,381,23.872712,37.905234
874,381,23.848662,37.982623
875,381,23.786564,38.025917
876,381,23.768779,37.997024
878,381,23.768724,38.107669
879,381,23.88022,37.999537
880,381,23.550058,38.042342
882,381,23.820061,38.090564
883,381,23.881044,37.989631
884,381,23.829374,37.850658
885,381,23.860319,38.007243
887,381,24.014868,37.880268
888,381,23.840876,38.131313
889,381,23.857853,38.008358
891,381,23.863203,38.019008
892,381,23.882045,37.991176
893,381,23.776561,38.095404
894,381,23.762195,38.041038
895,381,23.85631,38.008193
896,381,23.821954,38.07125
897,381,23.81167,38.056235
898,381,23.893621,37.981365
899,381,23.81229,38.074694
900,381,23.840645,38.131541
901,381,23.880308,37.989009
903,381,23.835896,38.124042
904,381,23.770185,38.109477
905,381,23.817055,38.012752
906,381,23.800423,38.0177
908,381,23.801853,38.017672
910,381,23.76782,37.994285
911,381,23.841035,38.13095
912,381,23.789379,38.089084
913,381,23.844426,38.055465
914,381,23.756056,38.047603
915,381,23.824352,38.013862
916,381,23.907832,37.868648
917,381,23.837904,38.127998
918,381,23.76853,38.108745
920,381,23.80747,38.010035
921,381,23.865027,37.977829
