863,383,23.840885,38.131324
862,383,23.91036,37.886611
864,383,23.749077,37.977527
865,383,23.791724,38.002823
866,383,23.808906,38.060123
867,383,23.881295,37.989921
869,383,23.811848,38.102565
870,383,23.833519,38.013328
870,383,23.833519,38.013328
872,383,23.741688,38.102054
873,383,23.871191,37.905265
874,383,23.850643,37.98735
875,383,23.782284,38.028525
876,383,23.818282,38.106391
878,383,23.769464,38.107699
879,383,23.900722,38.00307
880,383,23.550378,38.037982
882,383,23.814901,38.082191
883,383,23.76287,37.987857
884,383,23.851202,37.984
885,383,23.860889,38.009113
887,383,24.013039,37.881999
888,383,23.875257,37.992187
889,383,23.861122,38.007167
891,383,23.862083,38.019599
892,383,23.881546,37.992976
893,383,23.776832,38.095866
894,383,23.804876,38.044112
895,383,23.858517,38.00724
896,383,23.820944,38.071762
897,383,23.857273,38.110667
898,383,23.860411,38.014434
899,383,23.809765,38.066245
900,383,23.749282,38.096518
901,383,23.881155,37.989883
903,383,23.839686,38.131843
904,383,23.770414,38.109958
905,383,23.879137,37.989535
906,383,23.790461,38.002323
908,383,23.800704,38.00724
910,383,23.859505,37.956234
911,383,23.840936,38.13084
912,383,23.795149,38.09595
913,383,23.839656,38.050865
914,383,23.756167,38.047584
915,383,23.823602,38.01385
916,383,23.908602,37.868888
917,383,23.784426,38.082996
918,383,23.768633,38.108783
920,383,23.80703,38.009815
921,383,23.862467,37.974387
