863,39,23.840543,38.133628
862,39,23.845661,38.018393
864,39,23.881588,37.990909
865,39,23.982563,38.072803
866,39,23.881495,37.990176
867,39,23.874505,37.99213
869,39,23.856138,38.136966
870,39,23.822113,38.013686
870,39,23.822113,38.013686
872,39,23.792584,38.093719
873,39,23.887964,38.008487
874,39,23.793151,38.003863
875,39,23.757825,38.021159
876,39,23.790968,38.091884
878,39,23.794054,38.09547
879,39,23.886896,38.004001
880,39,23.775934,38.091567
882,39,23.78252,38.091491
883,39,23.858607,38.001991
884,39,23.775144,38.032322
885,39,23.895191,38.003902
887,39,23.881193,37.98983
888,39,23.761957,38.069644
889,39,23.816279,38.102745
891,39,23.905658,37.968749
892,39,23.931112,37.838836
893,39,23.718176,38.011207
894,39,23.872072,38.00518
895,39,23.869695,37.990649
896,39,23.822294,38.110195
897,39,23.830086,38.117717
898,39,23.880375,37.989128
899,39,23.840975,38.131061
900,39,23.830278,38.118022
901,39,23.753054,38.019862
903,39,23.776628,38.100753
904,39,23.771032,38.108363
905,39,23.857979,38.00267
906,39,23.86509,37.977843
908,39,23.858061,38.005409
910,39,23.865584,37.998443
911,39,23.809687,38.067802
912,39,23.841062,38.13103
913,39,23.856232,38.16949
914,39,23.793417,38.094794
915,39,23.844221,38.015697
916,39,23.881376,37.990051
917,39,23.789972,38.091758
918,39,23.735866,38.103614
920,39,23.867685,38.004836
921,39,23.905634,37.968986
