863,392,23.839348,38.046782
862,392,23.918803,37.869166
864,392,23.755098,37.980949
865,392,23.881333,37.990177
866,392,23.808709,38.060321
867,392,23.769559,37.9985
869,392,23.840864,38.131305
870,392,23.809648,38.010997
870,392,23.809648,38.010997
872,392,23.836755,38.042774
873,392,23.859699,38.023368
874,392,23.813215,38.039264
875,392,23.764454,38.029658
876,392,23.828771,38.116519
878,392,23.76877,38.108954
879,392,23.909046,37.968238
880,392,23.545221,38.05064
882,392,23.809366,38.088558
883,392,23.851772,38.038211
884,392,23.856583,38.034015
885,392,23.87518,37.992927
887,392,23.859297,38.0289
888,392,23.820522,38.108481
889,392,23.869811,38.005443
891,392,23.798818,38.006679
892,392,23.884386,38.003268
893,392,23.713925,38.009086
894,392,23.787334,38.034347
895,392,23.856426,38.008223
896,392,23.819296,38.082072
897,392,23.864294,38.106669
898,392,23.860451,38.018107
899,392,23.81618,38.102706
900,392,23.746983,38.09819
901,392,23.835216,38.027149
903,392,23.770056,38.106051
904,392,23.76791,38.11164
905,392,23.815653,38.01229
906,392,23.796164,38.01791
908,392,23.880159,38.000564
910,392,23.861296,37.952411
912,392,23.814989,38.10548
913,392,23.854972,38.174991
914,392,23.81137,38.071795
915,392,23.806216,38.018786
916,392,23.924386,37.885391
917,392,23.763403,38.069903
918,392,23.76993,38.106037
920,392,23.881939,37.990523
921,392,23.861918,37.958076
