863,393,23.829101,38.115463
862,393,23.917621,37.868236
864,393,23.755968,37.98191
865,393,23.787884,38.001414
866,393,23.793583,38.00407
867,393,23.879095,37.989662
869,393,23.828747,38.116301
870,393,23.87777,37.985145
870,393,23.87777,37.985145
872,393,23.733946,38.105189
873,393,23.86655,37.900425
874,393,23.854021,37.984572
875,393,23.761673,38.026679
876,393,23.768231,37.996173
878,393,23.768619,38.109015
879,393,23.881832,37.99055
880,393,23.542542,38.0526
882,393,23.81471,38.081672
883,393,23.878035,37.990299
884,393,23.850592,37.992084
885,393,23.860489,38.012561
887,393,23.996668,37.890544
888,393,23.864638,37.998924
889,393,23.870029,38.005405
891,393,23.860023,38.020019
892,393,23.88121,37.990023
893,393,23.778624,38.098967
894,393,23.785254,38.034988
895,393,23.844549,38.010433
896,393,23.818856,38.085902
897,393,23.810699,38.067366
898,393,23.880752,37.989436
899,393,23.809314,38.064563
900,393,23.820992,38.068534
901,393,23.878485,37.990001
903,393,23.840974,38.131144
904,393,23.771805,38.109447
905,393,23.881339,37.990188
906,393,23.787651,38.001254
908,393,23.802313,38.017772
910,393,23.688222,38.015918
912,393,23.818578,38.107348
913,393,23.837505,38.058887
914,393,23.757416,38.046775
915,393,23.815754,38.012321
916,393,23.909612,37.86922
917,393,23.840917,38.131301
918,393,23.768583,38.108665
920,393,23.881306,37.989993
921,393,23.861208,37.957374
