863,394,23.839788,38.047443
862,394,23.916231,37.867785
864,394,23.758448,37.983508
865,394,23.881314,37.990146
866,394,23.776993,38.006835
867,394,23.907929,38.028839
869,394,23.841105,38.130924
870,394,23.806049,38.009326
870,394,23.806049,38.009326
872,394,23.836786,38.042792
873,394,23.859649,38.023769
874,394,23.855242,37.984542
875,394,23.759173,38.02333
876,394,23.795179,38.093257
878,394,23.76861,38.109107
879,394,23.891207,38.004615
880,394,23.535791,38.054592
882,394,23.878788,38.102527
883,394,23.811715,38.011439
884,394,23.821554,37.845226
885,394,23.876209,37.994605
887,394,23.859287,38.029159
888,394,23.824623,38.11235
889,394,23.870949,38.005263
891,394,23.803198,38.00793
892,394,23.885036,38.003589
893,394,23.714093,38.009025
894,394,23.780803,38.036758
895,394,23.841541,37.858588
896,394,23.819835,38.087203
897,394,23.758455,38.064025
898,394,23.858312,38.031288
899,394,23.825983,38.13908
900,394,23.840751,38.131339
901,394,23.881084,37.989753
903,394,23.769666,38.106533
904,394,23.767669,38.1105
905,394,23.809792,38.050972
906,394,23.795904,38.018027
908,394,23.88357,37.925765
910,394,23.761932,37.987075
912,394,23.82194,38.110648
913,394,23.857942,38.119963
914,394,23.81139,38.071834
915,394,23.806196,38.018786
916,394,23.924576,37.88502
917,394,23.780205,38.077174
918,394,23.769859,38.105468
920,394,23.874672,37.992324
921,394,23.860758,37.956905
