863,395,23.829743,38.114253
862,395,23.914721,37.867427
864,395,23.759067,37.983958
865,395,23.787474,38.001224
866,395,23.808708,38.060283
867,395,23.832291,38.02436
869,395,23.832675,38.120311
870,395,23.87839,37.985626
870,395,23.87839,37.985626
872,395,23.733205,38.10366
873,395,23.86594,37.898814
874,395,23.855991,37.983902
875,395,23.758463,38.022419
876,395,23.831791,38.119467
878,395,23.768145,38.108721
879,395,23.891983,38.004546
880,395,23.528511,38.055633
882,395,23.824148,38.112056
883,395,23.761831,37.987239
884,395,23.856934,38.033256
885,395,23.860309,38.0135
887,395,23.992988,37.892314
888,395,23.840435,38.131823
889,395,23.871119,38.005202
891,395,23.858895,38.02035
892,395,23.888087,38.004069
893,395,23.778863,38.099349
894,395,23.779543,38.038669
895,395,23.853636,38.009013
896,395,23.820795,38.088313
897,395,23.866534,38.105819
898,395,23.860441,38.020038
899,395,23.810891,38.067775
900,395,23.839775,38.131893
901,395,23.87471,37.992328
903,395,23.768788,38.106681
904,395,23.771786,38.109138
905,395,23.815573,38.012279
906,395,23.785172,37.999873
908,395,23.798073,38.006591
910,395,23.862736,37.95032
912,395,23.823839,38.113948
913,395,23.839077,38.051497
914,395,23.840769,38.131187
915,395,23.815474,38.01226
916,395,23.909871,37.869361
917,395,23.828672,38.1164
918,395,23.768584,38.108794
920,395,23.80616,38.009364
921,395,23.861298,37.956626
