863,398,23.839818,38.048091
862,398,23.91061,37.867038
864,398,23.881279,37.989963
865,398,23.881273,37.990035
866,398,23.808708,38.060264
867,398,23.906648,38.030436
869,398,23.839346,38.130862
870,398,23.801899,38.007617
870,398,23.801899,38.007617
872,398,23.837135,38.043014
873,398,23.853548,38.025199
874,398,23.857491,37.982261
875,398,23.757792,38.021629
876,398,23.83543,38.123198
878,398,23.769075,38.107672
879,398,23.886846,38.003944
880,398,23.51822,38.05862
882,398,23.81459,38.081271
883,398,23.809166,38.010749
884,398,23.820994,37.844874
885,398,23.874718,37.995777
887,398,23.859207,38.030029
888,398,23.828573,38.116298
889,398,23.872467,38.004974
891,398,23.808119,38.010081
892,398,23.899396,38.003192
893,398,23.716304,38.009063
894,398,23.775263,38.039237
895,398,23.850185,38.009604
896,398,23.841071,38.130977
897,398,23.868124,38.105338
898,398,23.859941,38.022449
899,398,23.825933,38.139079
900,398,23.828632,38.139743
901,398,23.876065,37.991599
903,398,23.767897,38.107753
904,398,23.76817,38.108817
905,398,23.815222,38.01221
906,398,23.790384,38.015147
908,398,23.88565,37.922584
910,398,23.863966,37.948291
912,398,23.83083,38.118579
913,398,23.859203,38.118823
914,398,23.840698,38.131304
915,398,23.813314,38.011729
916,398,23.927227,37.880172
917,398,23.781605,38.078693
918,398,23.77043,38.104938
920,398,23.805889,38.009254
921,398,23.861528,37.955818
