863,399,23.832913,38.112853
862,399,23.91156,37.867897
864,399,23.763029,37.985889
865,399,23.783092,37.998291
866,399,23.792862,38.003539
867,399,23.829351,38.023528
869,399,23.840885,38.13127
870,399,23.881729,37.985618
870,399,23.881729,37.985618
872,399,23.733006,38.1039
873,399,23.86466,37.895873
874,399,23.852752,37.986457
875,399,23.756872,38.021869
876,399,23.76798,37.995692
878,399,23.769926,38.107661
879,399,23.888643,38.004214
880,399,23.516322,38.061011
882,399,23.875998,38.102256
883,399,23.761721,37.9873
884,399,23.856594,38.032455
885,399,23.860359,38.017631
887,399,23.830345,38.02666
888,399,23.857937,38.003283
889,399,23.872508,38.004962
891,399,23.856064,38.020923
892,399,23.882132,37.990561
893,399,23.779024,38.099987
894,399,23.784183,38.08221
895,399,23.838779,38.011535
896,399,23.822454,38.08982
897,399,23.811088,38.070338
898,399,23.881252,37.989997
899,399,23.80945,38.065154
900,399,23.840935,38.13095
901,399,23.873381,37.990596
903,399,23.767897,38.108394
904,399,23.76849,38.108829
905,399,23.809811,38.039997
906,399,23.782302,37.997573
908,399,23.797323,38.006339
910,399,23.686393,38.012835
912,399,23.83246,38.12028
913,399,23.839237,38.052009
914,399,23.757776,38.046466
915,399,23.804235,38.018428
916,399,23.925667,37.877411
917,399,23.826572,38.11431
918,399,23.768143,38.108684
920,399,23.872051,37.989833
921,399,23.862038,37.955539
