863,400,23.839819,38.048381
862,400,23.911131,37.868797
864,400,23.881219,37.989994
865,400,23.881283,37.990035
866,400,23.776151,38.005767
867,400,23.861276,38.01171
869,400,23.841005,38.131129
870,400,23.798769,38.006759
870,400,23.798769,38.006759
872,400,23.837135,38.043014
873,400,23.850928,38.02603
874,400,23.859581,37.982581
875,400,23.756653,38.021831
876,400,23.796671,38.096595
878,400,23.770346,38.108062
879,400,23.905275,37.971927
880,400,23.514191,38.06367
882,400,23.821067,38.109138
883,400,23.844352,38.0437
884,400,23.859161,37.988353
885,400,23.872967,37.995738
887,400,23.984259,37.894515
888,400,23.832603,38.120349
889,400,23.873108,38.004844
891,400,23.811119,38.0111
892,400,23.900368,38.003093
893,400,23.717905,38.010451
894,400,23.773563,38.037276
895,400,23.834931,37.857097
896,400,23.822674,38.09096
897,400,23.756815,38.061015
898,400,23.858251,38.027983
899,400,23.81597,38.102645
900,400,23.744232,38.100188
901,400,23.833925,38.025855
903,400,23.768915,38.108982
904,400,23.76852,38.108798
905,400,23.806381,38.045391
906,400,23.715948,37.957309
908,400,23.881269,37.993755
910,400,23.865705,37.945652
912,400,23.835849,38.123881
913,400,23.856422,38.163928
914,400,23.812389,38.073417
915,400,23.812344,38.01155
916,400,23.923548,37.87495
917,400,23.775223,38.074683
918,400,23.767843,38.108455
920,400,23.805858,38.009242
921,400,23.862118,37.955288
