863,401,23.833232,38.112712
862,401,23.910332,37.868636
864,401,23.763649,37.985878
865,401,23.780484,37.996402
866,401,23.792073,38.003501
867,401,23.768909,37.997451
869,401,23.840906,38.131038
870,401,23.88274,37.98666
870,401,23.88274,37.98666
872,401,23.836944,38.042873
873,401,23.86373,37.895991
874,401,23.853854,37.986426
875,401,23.754584,38.022602
876,401,23.83764,38.12749
878,401,23.770626,38.108611
879,401,23.881432,37.990162
880,401,23.513331,38.064731
882,401,23.817041,38.087486
883,401,23.873904,37.991179
884,401,23.795206,38.000789
885,401,23.860429,38.01974
887,401,23.859157,38.03075
888,401,23.838106,38.128531
889,401,23.873598,38.004783
891,401,23.854583,38.021163
892,401,23.881912,37.990561
893,401,23.778225,38.100467
894,401,23.783893,38.081809
895,401,23.847025,38.010116
896,401,23.821783,38.091891
897,401,23.868143,38.10535
898,401,23.859701,38.02391
899,401,23.808834,38.060683
900,401,23.820941,38.066726
901,401,23.874985,37.992309
903,401,23.768297,38.108775
904,401,23.768131,38.108779
905,401,23.814692,38.012099
906,401,23.787354,38.012927
908,401,23.804412,38.018253
910,401,23.686073,38.012268
912,401,23.840828,38.131347
913,401,23.836115,38.059596
914,401,23.840439,38.131816
915,401,23.803826,38.018317
916,401,23.921608,37.872748
917,401,23.783394,38.081023
918,401,23.767843,38.108085
920,401,23.869871,37.990745
921,401,23.861818,37.955378
