863,405,23.836862,38.110664
862,405,23.906721,37.868507
864,405,23.770278,37.98999
865,405,23.773844,37.99219
866,405,23.788862,38.00627
867,405,23.860417,38.013751
869,405,23.839614,38.131667
870,405,23.776034,38.003558
870,405,23.776034,38.003558
872,405,23.836934,38.042564
873,405,23.863699,37.895961
874,405,23.856033,37.983916
875,405,23.753344,38.020659
876,405,23.76781,37.995452
878,405,23.76864,38.109015
879,405,23.880727,38.003451
880,405,23.513601,38.073672
882,405,23.817938,38.106097
883,405,23.872084,37.989818
884,405,23.795175,38.000789
885,405,23.860279,38.020572
887,405,23.831905,38.025779
888,405,23.857956,38.004664
889,405,23.87863,38.003871
891,405,23.852385,38.021514
892,405,23.918118,37.998725
893,405,23.774543,38.100345
894,405,23.780203,38.077289
895,405,23.832129,38.013568
896,405,23.84079,38.131507
897,405,23.81235,38.074038
898,405,23.859261,38.028518
899,405,23.809229,38.063896
900,405,23.824159,38.098388
901,405,23.881544,37.988273
903,405,23.768448,38.108775
904,405,23.768612,38.108909
905,405,23.803301,38.041522
906,405,23.780493,37.996315
908,405,23.804663,38.018291
910,405,23.686293,38.012076
912,405,23.840839,38.131385
913,405,23.835655,38.060847
914,405,23.758797,38.045295
915,405,23.802305,38.017299
916,405,23.916506,37.867839
917,405,23.785114,38.083274
918,405,23.768864,38.107131
920,405,23.804058,38.00846
921,405,23.862309,37.956047
