863,407,23.836973,38.110522
862,407,23.844499,38.009425
864,407,23.774439,37.992172
865,407,23.770702,37.990432
866,407,23.788702,38.006431
867,407,23.873165,37.994453
869,407,23.836784,38.125697
870,407,23.880259,37.988887
870,407,23.880259,37.988887
872,407,23.837213,38.042785
873,407,23.863629,37.895961
874,407,23.856644,37.982078
875,407,23.753174,38.020259
876,407,23.84057,38.131678
878,407,23.76846,38.109016
879,407,23.897486,37.978889
880,407,23.514152,38.073932
882,407,23.805777,38.087436
883,407,23.761431,37.98751
884,407,23.858053,38.031364
885,407,23.860038,38.021831
887,407,23.858358,38.031211
888,407,23.838783,38.129798
889,407,23.880309,38.003821
891,407,23.851934,38.021655
892,407,23.928908,37.997997
893,407,23.770233,38.100955
894,407,23.779864,38.077289
895,407,23.841586,38.010799
896,407,23.840629,38.131839
897,407,23.867132,38.10564
898,407,23.85922,38.030029
899,407,23.808533,38.060321
900,407,23.841006,38.130881
901,407,23.869791,37.990687
903,407,23.769496,38.109107
904,407,23.768621,38.108878
905,407,23.814242,38.012019
906,407,23.785032,38.010585
908,407,23.796281,38.005996
910,407,23.687322,38.011905
912,407,23.840669,38.131786
913,407,23.842508,38.054466
914,407,23.838228,38.128978
915,407,23.801195,38.016948
916,407,23.912186,37.866859
917,407,23.784433,38.08274
918,407,23.768685,38.10683
920,407,23.870239,37.995498
921,407,23.861969,37.958114
