863,408,23.839729,38.049701
862,408,23.84428,38.009887
864,408,23.778198,37.99472
865,408,23.768291,37.988891
866,408,23.774344,38.003406
867,408,23.905116,38.034137
869,408,23.834154,38.121966
870,408,23.776743,38.001769
870,408,23.776743,38.001769
872,408,23.733196,38.103961
873,408,23.843607,38.02777
874,408,23.866842,37.988948
875,408,23.753504,38.019927
876,408,23.767791,37.995372
878,408,23.767858,38.108817
879,408,23.880429,38.000732
880,408,23.514211,38.073962
882,408,23.81443,38.08071
883,408,23.839893,38.046332
884,408,23.864672,37.986003
885,408,23.862635,37.999709
887,408,23.832756,38.025027
888,408,23.840633,38.13174
889,408,23.882538,38.00373
891,408,23.816542,38.012416
892,408,23.934277,37.999427
893,408,23.840972,38.130965
894,408,23.771461,38.034934
895,408,23.829409,38.013938
896,408,23.818943,38.100723
897,408,23.812069,38.075476
898,408,23.853229,38.025313
899,408,23.80889,38.061317
900,408,23.742841,38.101199
901,408,23.830545,38.023727
903,408,23.768542,38.108711
904,408,23.771656,38.107986
905,408,23.805411,38.040992
906,408,23.776333,37.993534
908,408,23.881441,37.991454
910,408,23.871245,37.931163
912,408,23.840759,38.131351
913,408,23.855701,38.155528
914,408,23.759727,38.043784
915,408,23.806524,38.009528
916,408,23.90966,37.869152
917,408,23.841019,38.131133
918,408,23.768547,38.108794
920,408,23.803259,38.00819
921,408,23.86372,37.959953
