863,41,23.841074,38.131156
862,41,23.848741,38.023746
864,41,23.881407,37.990131
865,41,23.981962,38.066402
866,41,23.866245,37.998085
867,41,23.875574,37.9919
869,41,23.855329,38.137584
870,41,23.812992,38.011718
870,41,23.812992,38.011718
872,41,23.791153,38.091998
873,41,23.892855,38.010837
874,41,23.787043,38.001052
875,41,23.758945,38.022609
876,41,23.797688,38.097255
878,41,23.789944,38.091731
879,41,23.885246,38.003741
880,41,23.774894,38.092288
882,41,23.781759,38.091712
883,41,23.864647,37.998889
884,41,23.776266,38.03165
885,41,23.880762,38.003284
887,41,23.880383,37.98907
888,41,23.759838,38.067344
889,41,23.825686,38.113544
891,41,23.905107,37.972239
892,41,23.928955,37.850173
893,41,23.714157,38.009086
894,41,23.858181,38.006366
895,41,23.855726,37.969466
896,41,23.819244,38.107284
897,41,23.836425,38.124976
898,41,23.881106,37.989867
899,41,23.821402,38.07624
900,41,23.835246,38.060958
901,41,23.748192,38.022094
903,41,23.779238,38.100234
904,41,23.736706,38.102371
905,41,23.85796,38.004809
906,41,23.866718,37.985122
908,41,23.858181,38.005859
910,41,23.859983,38.001162
911,41,23.809696,38.06763
912,41,23.840899,38.131308
913,41,23.855102,38.174072
914,41,23.801937,38.099147
915,41,23.845471,38.019069
916,41,23.854824,38.003993
917,41,23.790111,38.091838
918,41,23.734316,38.105224
920,41,23.867155,38.002547
921,41,23.906214,37.966255
