863,416,23.839229,38.051311
862,416,23.855871,38.005275
864,416,23.790088,38.001922
865,416,23.881893,37.990573
866,416,23.767864,37.995105
867,416,23.76853,37.99689
869,416,23.823663,38.112952
870,416,23.881058,37.989929
870,416,23.881058,37.989929
872,416,23.745197,38.099459
873,416,23.832869,38.024962
874,416,23.865312,37.9869
875,416,23.756255,38.019313
876,416,23.811071,38.099982
878,416,23.769688,38.105091
879,416,23.888026,37.985041
880,416,23.514904,38.062786
882,416,23.816499,38.085235
883,416,23.802135,38.007655
884,416,23.859135,38.028315
885,416,23.858467,38.007163
887,416,23.85669,38.031821
888,416,23.857147,38.007953
889,416,23.912405,38.000739
891,416,23.821039,38.013564
892,416,23.964426,38.008068
893,416,23.723084,38.018592
894,416,23.76414,38.036452
895,416,23.822158,38.013736
896,416,23.840692,38.1314
897,416,23.865793,38.10834
898,416,23.854417,38.018638
899,416,23.81769,38.096232
900,416,23.740562,38.10242
901,416,23.823255,38.022277
903,416,23.769911,38.106494
904,416,23.767952,38.108657
905,416,23.812401,38.011569
906,416,23.785692,38.009433
908,416,23.805502,38.018482
910,416,23.875666,37.917255
912,416,23.841988,38.136249
913,416,23.849222,38.146396
914,416,23.836157,38.125728
915,416,23.804335,38.008499
916,416,23.907339,37.868659
917,416,23.816185,38.102607
918,416,23.768446,38.108741
920,416,23.802278,38.00777
921,416,23.864553,37.977176
