863,417,23.841185,38.110316
862,417,23.85617,38.003814
864,417,23.792038,38.002834
865,417,23.756702,37.982521
866,417,23.787122,38.007819
867,417,23.870695,37.995914
869,417,23.821924,38.110484
870,417,23.778913,38.00135
870,417,23.778913,38.00135
872,417,23.748377,38.09716
873,417,23.832307,38.025253
874,417,23.874641,37.992228
875,417,23.757065,38.020534
876,417,23.767542,37.995094
878,417,23.769718,38.10472
879,417,23.881677,37.99052
880,417,23.517333,38.060035
882,417,23.800666,38.087264
883,417,23.839643,38.046516
884,417,23.870592,37.990077
885,417,23.852708,38.02547
887,417,23.836395,38.028464
888,417,23.827814,38.113585
889,417,23.913244,37.999961
891,417,23.849185,38.022056
892,417,23.969736,38.010405
893,417,23.767065,38.101997
894,417,23.790833,38.09096
895,417,23.826601,37.847728
896,417,23.820162,38.108111
897,417,23.81444,38.080589
898,417,23.853781,38.036227
899,417,23.808691,38.060222
900,417,23.840443,38.131557
901,417,23.869526,37.990615
903,417,23.768785,38.108238
904,417,23.771708,38.108162
905,417,23.8811,37.98986
906,417,23.769052,37.989165
908,417,23.894171,37.905818
910,417,23.687803,38.006061
912,417,23.840691,38.131389
913,417,23.826756,38.066058
914,417,23.762808,38.041892
915,417,23.795017,38.016944
916,417,23.909937,37.868621
917,417,23.790324,38.090446
918,417,23.76989,38.105098
920,417,23.86202,38
921,417,23.867004,37.978958
