863,42,23.841054,38.131064
862,42,23.848892,38.024055
864,42,23.881407,37.990131
865,42,23.981863,38.065002
866,42,23.862276,37.999843
867,42,23.878374,37.990062
869,42,23.852339,38.139514
870,42,23.812141,38.011508
870,42,23.812141,38.011508
872,42,23.818082,38.106234
873,42,23.893956,38.010776
874,42,23.784413,38.002372
875,42,23.783751,38.027156
876,42,23.803097,38.099334
878,42,23.787322,38.091502
879,42,23.884617,38.003631
880,42,23.774885,38.092288
882,42,23.781229,38.091713
883,42,23.867607,37.997317
884,42,23.777046,38.031199
885,42,23.878492,37.98994
887,42,23.881437,37.991168
888,42,23.759148,38.065135
889,42,23.816099,38.102664
891,42,23.902268,37.975829
892,42,23.930452,37.839049
893,42,23.718456,38.013336
894,42,23.871702,38.00526
895,42,23.872365,37.98973
896,42,23.83725,38.126674
897,42,23.810573,38.09753
898,42,23.870815,37.9958
899,42,23.823412,38.076049
900,42,23.827139,38.114944
901,42,23.754583,38.019313
903,42,23.781758,38.101314
904,42,23.736056,38.10366
905,42,23.880335,37.989047
906,42,23.864958,37.98614
908,42,23.858181,38.005859
910,42,23.857923,38.002994
911,42,23.809786,38.066348
912,42,23.840868,38.131328
913,42,23.819047,38.107146
914,42,23.806726,38.101077
915,42,23.84509,38.018539
916,42,23.877477,37.990615
917,42,23.790463,38.092048
918,42,23.733446,38.104744
920,42,23.857815,38.008449
921,42,23.906353,37.965773
