863,421,23.841546,38.110248
862,421,23.8689,37.996558
864,421,23.800598,38.007057
865,421,23.755402,37.981422
866,421,23.822552,38.032939
867,421,23.76845,37.99673
869,421,23.800465,38.098548
870,421,23.784365,38.002379
870,421,23.784365,38.002379
872,421,23.805668,38.082408
873,421,23.823036,38.032554
874,421,23.810057,38.040164
875,421,23.761173,38.019733
876,421,23.767482,37.994704
878,421,23.771347,38.104998
879,421,23.884773,38.003623
880,421,23.517524,38.057392
882,421,23.816379,38.084804
883,421,23.866174,37.998145
884,421,23.816631,37.841964
885,421,23.784824,38.009364
887,421,23.950899,37.893596
888,421,23.826025,38.109504
889,421,23.925224,37.99768
891,421,23.848155,38.022075
892,421,23.979704,38.017966
893,421,23.773846,38.100089
894,421,23.791512,38.091639
895,421,23.827095,38.014007
896,421,23.891091,38.248698
897,421,23.751654,38.050571
898,421,23.84843,38.04145
899,421,23.8085,38.059112
900,421,23.832586,38.120491
901,421,23.897045,37.979163
903,421,23.769791,38.105441
904,421,23.769022,38.106845
905,421,23.811791,38.011439
906,421,23.704199,37.947139
908,421,23.79372,38.004294
910,421,23.874935,37.914497
912,421,23.84041,38.13182
913,421,23.825005,38.066439
914,421,23.816389,38.085548
915,421,23.802775,38.007865
916,421,23.908277,37.868755
917,421,23.794263,38.095366
918,421,23.768576,38.108722
920,421,23.80177,38.007579
921,421,23.865171,37.986679
