863,424,23.839981,38.055793
862,424,23.8796,37.989196
864,424,23.803988,38.008258
865,424,23.88039,38.000434
866,424,23.822571,38.03292
867,424,23.819552,38.021605
869,424,23.788833,38.088805
870,424,23.781628,38.002387
870,424,23.781628,38.002387
872,424,23.755596,38.099899
873,424,23.822975,38.032855
874,424,23.810556,38.039974
876,424,23.767433,37.994574
878,424,23.768911,38.109092
879,424,23.884014,38.003512
880,424,23.521574,38.060878
882,424,23.853537,38.112457
883,424,23.799255,38.006916
884,424,23.81603,37.841606
885,424,23.860197,38.007273
887,424,23.946529,37.892257
888,424,23.852598,38.016296
889,424,23.933274,37.99908
891,424,23.834092,38.013076
892,424,23.980004,38.018115
893,424,23.724913,38.021194
894,424,23.760433,38.039741
895,424,23.824286,38.013888
896,424,23.888791,38.246997
897,424,23.751314,38.049911
898,424,23.881252,37.990108
899,424,23.808981,38.060512
900,424,23.737103,38.102309
901,424,23.818007,38.021266
903,424,23.769651,38.105521
904,424,23.771618,38.10757
905,424,23.81134,38.011359
906,424,23.698858,37.942989
908,424,23.79312,38.003814
910,424,23.874784,37.914497
912,424,23.840592,38.13338
913,424,23.845062,38.140056
914,424,23.81637,38.086226
915,424,23.790999,38.015502
916,424,23.90692,37.868652
917,424,23.810255,38.097495
918,424,23.768567,38.108791
920,424,23.858539,38.00724
921,424,23.872353,37.989806
