863,429,23.854187,38.111796
862,429,23.909219,37.8689
864,429,23.81687,38.01255
865,429,23.88068,38.002883
866,429,23.765825,37.991241
867,429,23.815321,38.020805
869,429,23.777325,38.075935
870,429,23.776129,38.003409
870,429,23.776129,38.003409
872,429,23.759334,38.105296
873,429,23.832624,38.025066
874,429,23.881291,37.990207
876,429,23.81727,38.104762
878,429,23.767952,38.108599
879,429,23.881225,37.98983
880,429,23.532982,38.0582
882,429,23.850678,38.114147
883,429,23.796255,38.005897
884,429,23.880284,37.989078
885,429,23.851969,38.02824
887,429,23.843425,38.026263
888,429,23.827604,38.102436
889,429,23.938644,38.00122
891,429,23.846224,38.022391
892,429,23.980362,38.01857
893,429,23.707179,38.016361
894,429,23.800112,38.087013
895,429,23.8186,37.843155
896,429,23.853429,38.1394
897,429,23.819219,38.089626
898,429,23.842722,38.044639
899,429,23.841037,38.131153
900,429,23.840837,38.13084
901,429,23.904505,37.973246
903,429,23.768705,38.106738
904,429,23.768649,38.108829
905,429,23.881748,37.990577
906,429,23.763954,37.986205
908,429,23.881781,37.990463
910,429,23.739401,37.961585
912,429,23.841986,38.138424
913,429,23.830748,38.063132
914,429,23.762308,38.041503
915,429,23.800255,38.007179
916,429,23.90835,37.869377
917,429,23.815203,38.103675
918,429,23.768519,38.108772
920,429,23.80074,38.007247
921,429,23.880894,37.989677
