863,431,23.858948,38.109828
862,431,23.910799,37.868808
864,431,23.818759,38.01311
865,431,23.750181,37.977088
866,431,23.765395,37.99058
867,431,23.768191,37.9962
869,431,23.770904,38.073226
870,431,23.775728,38.004378
870,431,23.775728,38.004378
872,431,23.762196,38.105635
873,431,23.834003,38.026035
874,431,23.874931,37.991938
876,431,23.820449,38.108474
878,431,23.768242,38.10765
879,431,23.881315,37.989978
880,431,23.533872,38.056259
882,431,23.81574,38.083312
883,431,23.796175,38.005816
884,431,23.856054,38.024738
885,431,23.860808,38.008865
887,431,23.853909,38.036144
888,431,23.827894,38.101856
889,431,23.942335,38.002437
891,431,23.845583,38.022483
892,431,23.980482,38.018729
893,431,23.726742,38.026043
894,431,23.800112,38.087013
895,431,23.811419,38.017398
896,431,23.836742,38.125633
897,431,23.8204,38.090797
898,431,23.857649,38.008319
899,431,23.840979,38.131244
900,431,23.82119,38.09146
901,431,23.866232,37.998122
903,431,23.770265,38.107707
904,431,23.768738,38.10871
905,431,23.817091,38.041225
906,431,23.763963,37.986205
908,431,23.89921,37.901397
910,431,23.875793,37.917449
912,431,23.841165,38.136802
913,431,23.821074,38.069499
914,431,23.840237,38.136485
915,431,23.798815,38.006846
916,431,23.909623,37.869232
917,431,23.815434,38.103156
918,431,23.768659,38.108665
920,431,23.800641,38.007235
921,431,23.881914,37.990558
