863,432,23.836111,38.05978
862,432,23.911308,37.868587
864,432,23.875541,37.991878
865,432,23.88074,38.003555
866,432,23.782543,38.009811
867,432,23.859886,38.001224
869,432,23.841287,38.13478
870,432,23.790907,38.002193
870,432,23.790907,38.002193
872,432,23.806429,38.082859
873,432,23.835533,38.027515
874,432,23.881411,37.990047
876,432,23.767265,37.994174
878,432,23.769093,38.107631
879,432,23.882314,38.003753
880,432,23.534412,38.054939
882,432,23.797136,38.082984
883,432,23.831543,38.04079
884,432,23.880514,37.989268
885,432,23.851288,38.02835
887,432,23.846537,38.025302
888,432,23.847307,38.021339
889,432,23.945126,38.003338
891,432,23.837629,38.011943
892,432,23.881373,37.990073
893,432,23.778996,38.100108
894,432,23.761692,38.039832
895,432,23.816629,37.841823
896,432,23.85516,38.137802
897,432,23.757456,38.046581
898,432,23.839812,38.046421
899,432,23.811121,38.069488
900,432,23.839912,38.132015
901,432,23.815286,38.020709
903,432,23.769152,38.10522
904,432,23.768678,38.107772
905,432,23.809929,38.011027
906,432,23.688438,37.932227
908,432,23.791629,38.003955
910,432,23.687164,38.004672
912,432,23.845451,38.139091
913,432,23.840939,38.131153
914,432,23.817069,38.08752
915,432,23.782728,38.00983
916,432,23.908991,37.869998
917,432,23.808956,38.09241
918,432,23.768589,38.108806
920,432,23.860659,38.00743
921,432,23.881905,37.990596
