863,433,23.862377,38.107596
862,433,23.911549,37.867927
864,433,23.822359,38.01363
865,433,23.749351,37.976897
866,433,23.765066,37.9901
867,433,23.907797,38.026328
869,433,23.764105,38.070526
870,433,23.775678,38.004409
870,433,23.775678,38.004409
872,433,23.763565,38.105864
873,433,23.836323,38.028534
874,433,23.813116,38.039023
876,433,23.82361,38.111503
878,433,23.769694,38.107642
879,433,23.881275,37.989978
880,433,23.535942,38.054328
882,433,23.812761,38.077575
883,433,23.864225,37.999176
884,433,23.81475,37.840785
885,433,23.783725,38.009494
887,433,23.93266,37.889537
888,433,23.825495,38.099807
889,433,23.948255,38.004299
891,433,23.845333,38.022522
892,433,23.882063,37.990585
893,433,23.70768,38.015171
894,433,23.80194,38.087173
895,433,23.818216,38.014541
896,433,23.883848,38.237414
897,433,23.8219,38.092308
898,433,23.857639,38.008258
899,433,23.840779,38.131453
900,433,23.825773,38.139064
901,433,23.864195,37.986255
903,433,23.769235,38.107627
904,433,23.769828,38.107654
905,433,23.87504,37.992248
906,433,23.762795,37.985816
908,433,23.815431,38.015494
910,433,23.739311,37.961474
912,433,23.840206,38.13626
913,433,23.826298,38.064891
914,433,23.839675,38.137077
915,433,23.798075,38.006538
916,433,23.910073,37.86859
917,433,23.815813,38.102535
918,433,23.768684,38.10691
920,433,23.8006,38.007206
921,433,23.881485,37.990454
