863,434,23.83629,38.060611
862,434,23.911048,37.867347
864,434,23.874521,37.992026
865,434,23.88105,38.003684
866,434,23.808669,38.060375
867,434,23.811522,38.020004
869,434,23.842999,38.137859
870,434,23.792297,38.003081
870,434,23.792297,38.003081
872,434,23.807168,38.083377
873,434,23.838293,38.027755
874,434,23.874842,37.99208
876,434,23.841009,38.131061
878,434,23.769724,38.107703
879,434,23.881885,38.003764
880,434,23.541752,38.052966
882,434,23.850668,38.114177
883,434,23.830784,38.040229
884,434,23.855653,38.022827
885,434,23.861048,38.010086
887,434,23.851448,38.038665
888,434,23.847607,38.021777
889,434,23.951376,38.00526
891,434,23.837849,38.011851
892,434,23.881982,37.991436
893,434,23.727263,38.02719
894,434,23.761673,38.039821
895,434,23.808427,38.018607
896,434,23.838322,38.128981
897,434,23.757976,38.046012
898,434,23.839691,38.046512
899,434,23.811441,38.071918
900,434,23.736303,38.10337
901,434,23.905565,37.969596
903,434,23.768125,38.107665
904,434,23.771327,38.107562
905,434,23.810102,38.039878
906,434,23.688608,37.928089
908,434,23.90349,37.900596
910,434,23.909178,37.870189
912,434,23.845531,38.1394
913,434,23.839933,38.132476
914,434,23.81722,38.087749
915,434,23.881211,37.990333
916,434,23.909411,37.870406
917,434,23.786423,38.084671
918,434,23.768608,38.108699
920,434,23.88191,37.990501
921,434,23.881355,37.990435
