863,436,23.83444,38.061283
862,436,23.910979,37.866797
864,436,23.872841,37.989917
865,436,23.826097,38.057418
866,436,23.808538,38.060466
867,436,23.7681,37.996002
869,436,23.845438,38.13919
870,436,23.798088,38.006461
870,436,23.798088,38.006461
872,436,23.807218,38.085357
873,436,23.842104,38.026054
874,436,23.813125,38.038993
876,436,23.840969,38.131072
878,436,23.769819,38.107688
879,436,23.880843,38.002655
880,436,23.552511,38.047267
882,436,23.81517,38.082682
883,436,23.795175,38.005088
884,436,23.81365,37.840145
885,436,23.783016,38.009734
887,436,23.927608,37.888809
888,436,23.847687,38.021896
889,436,23.955065,38.006259
891,436,23.838059,38.011752
892,436,23.880653,37.996245
893,436,23.706881,38.013282
894,436,23.808621,38.08744
895,436,23.816216,38.015361
896,436,23.881257,38.238395
897,436,23.759186,38.044471
898,436,23.839691,38.046512
899,436,23.812042,38.072677
900,436,23.706165,38.074325
901,436,23.813467,38.020339
903,436,23.768536,38.108726
904,436,23.771778,38.108714
905,436,23.81944,38.040103
906,436,23.691118,37.925548
908,436,23.817411,38.014594
910,436,23.686984,38.004291
912,436,23.844612,38.140392
913,436,23.841068,38.130973
914,436,23.81722,38.08776
915,436,23.798056,38.006549
916,436,23.908719,37.870475
917,436,23.817263,38.104735
918,436,23.768599,38.108779
920,436,23.88198,37.99052
921,436,23.881275,37.990127
