863,438,23.830959,38.063014
862,438,23.914226,37.867198
864,438,23.87047,37.990188
865,438,23.749262,37.977531
866,438,23.782423,38.009822
867,438,23.910017,38.024119
869,438,23.847278,38.13943
870,438,23.805249,38.008803
870,438,23.805249,38.008803
872,438,23.807289,38.086585
873,438,23.845844,38.025432
874,438,23.813224,38.039012
876,438,23.829981,38.117713
878,438,23.768099,38.107696
879,438,23.880606,38.000315
880,438,23.560992,38.050135
882,438,23.812101,38.076163
883,438,23.859565,38.001506
884,438,23.881303,37.990032
885,438,23.849758,38.027828
887,438,23.848917,38.024951
888,438,23.847857,38.022155
889,438,23.955274,38.006278
891,438,23.838258,38.011661
892,438,23.880623,38.001205
893,438,23.727953,38.029021
894,438,23.81027,38.08765
895,438,23.81296,37.839645
896,438,23.85829,38.13433
897,438,23.760816,38.042472
898,438,23.839552,38.046603
899,438,23.812283,38.073066
900,438,23.827266,38.115687
901,438,23.862165,37.987106
903,438,23.768585,38.108676
904,438,23.771797,38.108622
905,438,23.810102,38.03989
906,438,23.693558,37.922919
908,438,23.788701,38.006476
910,438,23.873733,37.924499
912,438,23.845152,38.141643
913,438,23.840504,38.131927
914,438,23.815951,38.08842
915,438,23.781807,38.00981
916,438,23.90791,37.870536
917,438,23.809047,38.090911
918,438,23.767864,38.10802
920,438,23.881901,37.990539
921,438,23.880325,37.989184
