863,439,23.874647,38.102904
862,439,23.915846,37.86774
864,439,23.827769,38.013847
865,439,23.825946,38.057479
866,439,23.764378,37.989349
867,439,23.810202,38.019702
869,439,23.759916,38.067615
870,439,23.806608,38.009444
870,439,23.806608,38.009444
872,439,23.764427,38.106913
873,439,23.848505,38.025073
874,439,23.813175,38.039042
876,439,23.766964,37.993614
878,439,23.767879,38.108337
879,439,23.880775,37.996467
880,439,23.565271,38.049834
882,439,23.848528,38.114139
883,439,23.793585,38.004008
884,439,23.81221,37.839305
885,439,23.784175,38.010635
887,439,23.925607,37.886298
888,439,23.840996,38.131099
889,439,23.955554,38.006198
891,439,23.844763,38.02259
892,439,23.881052,38.002383
893,439,23.706162,38.012763
894,439,23.81345,38.088298
895,439,23.815654,38.01567
896,439,23.877258,38.240417
897,439,23.8251,38.09922
898,439,23.855199,38.006198
899,439,23.84152,38.135752
900,439,23.818331,38.08913
901,439,23.859803,38.001323
903,439,23.841085,38.130943
904,439,23.771766,38.108352
905,439,23.881829,37.990607
906,439,23.758403,37.983848
908,439,23.881497,37.990268
910,439,23.686945,38.004192
912,439,23.846903,38.143733
913,439,23.821233,38.076057
914,439,23.81468,38.088512
915,439,23.796585,38.006049
916,439,23.907371,37.868621
917,439,23.819862,38.107936
918,439,23.767944,38.108611
920,439,23.860699,38.012409
921,439,23.880286,37.989135
