863,440,23.827709,38.064186
862,440,23.917496,37.868209
864,440,23.87091,37.991569
865,440,23.88534,38.003623
866,440,23.781403,38.009834
867,440,23.855917,38.024333
869,440,23.849119,38.13946
870,440,23.809389,38.010745
870,440,23.809389,38.010745
872,440,23.807289,38.087424
873,440,23.848564,38.025062
874,440,23.875001,37.992019
876,440,23.833981,38.121783
878,440,23.768389,38.108688
879,440,23.881876,37.992358
880,440,23.569342,38.049426
882,440,23.810446,38.098201
883,440,23.829883,38.041667
884,440,23.854722,38.019317
885,440,23.860857,38.012305
887,440,23.846308,38.042594
888,440,23.823704,38.095447
889,440,23.890997,38.248996
891,440,23.838508,38.011542
892,440,23.882433,38.002304
893,440,23.779166,38.100078
894,440,23.816469,38.088317
895,440,23.802317,38.017997
896,440,23.841002,38.131072
897,440,23.762315,38.042022
898,440,23.838242,38.045692
899,440,23.812212,38.074706
900,440,23.839953,38.132396
901,440,23.810547,38.019729
903,440,23.768526,38.108565
904,440,23.771747,38.108234
905,440,23.87369,37.990996
906,440,23.698128,37.920879
908,440,23.819132,38.014064
910,440,23.909428,37.870479
912,440,23.849302,38.146281
913,440,23.841019,38.131023
914,440,23.81292,38.088271
915,440,23.781726,38.009822
916,440,23.907269,37.870418
917,440,23.786784,38.085033
918,440,23.768034,38.108623
920,440,23.8003,38.007106
921,440,23.879836,37.989296
