863,442,23.826719,38.065535
862,442,23.920317,37.87025
864,442,23.872252,37.993629
865,442,23.825986,38.056868
866,442,23.780532,38.009864
867,442,23.857916,38.004966
869,442,23.84935,38.139621
870,442,23.813209,38.011664
870,442,23.813209,38.011664
872,442,23.807499,38.088393
873,442,23.848114,38.022819
874,442,23.875462,37.99192
876,442,23.83717,38.126693
878,442,23.76842,38.108688
879,442,23.881397,37.990088
880,442,23.572763,38.048136
882,442,23.794346,38.078006
883,442,23.792854,38.003428
884,442,23.854874,38.017166
885,442,23.786745,38.012515
887,442,23.924096,37.886718
888,442,23.822174,38.092796
889,442,23.953985,38.005717
891,442,23.838678,38.011462
892,442,23.884653,38.002143
893,442,23.706171,38.012695
894,442,23.817008,38.088157
895,442,23.814525,38.016201
896,442,23.872879,38.240027
897,442,23.762997,38.041873
898,442,23.835451,38.043662
899,442,23.812542,38.077087
900,442,23.734913,38.104888
901,442,23.906754,37.964935
903,442,23.840796,38.131404
904,442,23.771678,38.107642
905,442,23.871979,37.989837
906,442,23.701297,37.91785
908,442,23.788231,38.006866
910,442,23.686865,38.00394
912,442,23.854992,38.15219
913,442,23.840694,38.131545
914,442,23.812679,38.088421
915,442,23.794944,38.005108
916,442,23.907358,37.8703
917,442,23.823513,38.111384
918,442,23.768367,38.10868
920,442,23.800251,38.006996
921,442,23.876203,37.991584
