863,443,23.883638,38.101543
862,443,23.921436,37.87178
864,443,23.831848,38.013507
865,443,23.885651,38.003623
866,443,23.763777,37.988566
867,443,23.906576,38.021041
869,443,23.759356,38.065295
870,443,23.881449,37.990336
870,443,23.881449,37.990336
872,443,23.766227,38.107974
873,443,23.846165,38.02011
874,443,23.878431,37.98997
876,443,23.840809,38.13127
878,443,23.768499,38.108767
879,443,23.881357,37.990058
880,443,23.572782,38.048137
882,443,23.812151,38.075263
883,443,23.829383,38.043506
884,443,23.811079,37.838618
885,443,23.860358,38.013766
887,443,23.844068,38.043944
888,443,23.841135,38.130927
889,443,23.951995,38.005447
891,443,23.843763,38.022742
892,443,23.884363,38.003425
893,443,23.779245,38.100158
894,443,23.818179,38.087657
895,443,23.798726,38.017417
896,443,23.840931,38.130771
897,443,23.8258,38.102519
898,443,23.856109,38.003547
899,443,23.8453,38.139003
900,443,23.840442,38.130798
901,443,23.857992,38.002784
903,443,23.840416,38.131812
904,443,23.77109,38.107604
905,443,23.82391,38.041496
906,443,23.753353,37.97961
908,443,23.881515,37.990268
910,443,23.909017,37.870479
912,443,23.855781,38.154929
913,443,23.820654,38.077857
914,443,23.811459,38.089301
915,443,23.794904,38.005107
916,443,23.906872,37.868652
917,443,23.809268,38.089282
918,443,23.767838,38.108428
920,443,23.881609,37.990355
921,443,23.874553,37.992206
