863,447,23.887728,38.098186
862,447,23.928787,37.877558
864,447,23.838238,38.011626
865,447,23.749113,37.977942
866,447,23.763016,37.987857
867,447,23.903005,38.01826
869,447,23.758196,38.063922
870,447,23.82122,38.013564
870,447,23.82122,38.013564
872,447,23.836954,38.042602
873,447,23.844084,38.015609
874,447,23.88842,37.984779
876,447,23.840599,38.131473
878,447,23.76914,38.108749
879,447,23.909614,37.868686
880,447,23.572597,38.048091
882,447,23.794225,38.076045
883,447,23.858046,38.005698
884,447,23.809828,37.837837
885,447,23.860459,38.018836
887,447,23.849417,38.025012
888,447,23.848206,38.022716
889,447,23.942215,38.002445
891,447,23.84024,38.010894
892,447,23.886753,38.006996
893,447,23.841074,38.131083
894,447,23.762083,38.039542
895,447,23.808531,37.836902
896,447,23.856329,38.125468
897,447,23.825771,38.110668
898,447,23.86172,38.000117
899,447,23.84437,38.140754
900,447,23.818111,38.087822
901,447,23.880887,37.9896
903,447,23.768705,38.107657
904,447,23.768358,38.108771
905,447,23.80943,38.01086
906,447,23.749453,37.976558
908,447,23.881585,37.990329
910,447,23.908488,37.87051
912,447,23.856793,38.16122
913,447,23.821148,38.068603
914,447,23.810278,38.097621
915,447,23.793486,38.004123
916,447,23.909281,37.868831
917,447,23.809438,38.087921
918,447,23.76825,38.108696
920,447,23.86045,38.01836
921,447,23.871054,37.992004
