863,451,23.884397,38.095645
862,451,23.930479,37.875358
864,451,23.845707,38.010265
865,451,23.824527,38.053546
866,451,23.779301,38.009246
867,451,23.857996,38.005496
869,451,23.756457,38.06052
870,451,23.83114,38.013637
870,451,23.83114,38.013637
872,451,23.768448,38.108844
873,451,23.843622,38.014282
874,451,23.896181,37.979697
876,451,23.840021,38.13187
878,451,23.768314,38.107734
879,451,23.909715,37.868815
880,451,23.576909,38.046699
882,451,23.814711,38.081691
883,451,23.789985,38.005329
884,451,23.808049,37.836719
885,451,23.8604,38.019828
887,451,23.925028,37.884086
888,451,23.848376,38.023056
889,451,23.941435,38.002204
891,451,23.841259,38.010764
892,451,23.893705,38.010795
893,451,23.733494,38.037356
894,451,23.762163,38.038741
895,451,23.812625,38.016928
896,451,23.858379,38.120868
897,451,23.83037,38.117904
898,451,23.8692,37.996394
899,451,23.846159,38.143226
900,451,23.840689,38.13121
901,451,23.904284,37.963775
903,451,23.768576,38.108707
904,451,23.768798,38.108684
905,451,23.871578,37.994327
906,451,23.749092,37.97626
908,451,23.881987,37.990588
910,451,23.907987,37.870559
912,451,23.855751,38.16333
913,451,23.840925,38.131084
914,451,23.816729,38.10342
915,451,23.792116,38.003012
916,451,23.91031,37.868599
917,451,23.81179,38.08813
918,451,23.769657,38.106555
920,451,23.799311,38.006885
921,451,23.870314,37.995857
