863,455,23.886408,38.094108
862,455,23.918469,37.885448
864,455,23.854106,38.008785
865,455,23.830639,38.051497
866,455,23.82291,38.03239
867,455,23.767872,37.995502
869,455,23.752646,38.054473
870,455,23.838661,38.011436
870,455,23.838661,38.011436
872,455,23.811601,38.099685
873,455,23.843443,38.012802
874,455,23.90546,37.970638
876,455,23.838391,38.129237
878,455,23.766884,38.107848
879,455,23.909435,37.869167
880,455,23.584309,38.042239
882,455,23.809576,38.09526
883,455,23.787756,38.007308
884,455,23.807119,37.836188
885,455,23.860048,38.021998
887,455,23.840949,38.045676
888,455,23.881092,37.989948
889,455,23.939995,37.992831
891,455,23.844358,38.010413
892,455,23.881241,37.990165
893,455,23.70713,38.012374
894,455,23.820757,38.070769
895,455,23.812585,38.01694
896,455,23.85408,38.116428
897,455,23.840731,38.131374
898,455,23.87676,37.991084
899,455,23.817091,38.087604
900,455,23.818641,38.084533
901,455,23.852747,37.991203
903,455,23.828897,38.117381
904,455,23.770428,38.110732
905,455,23.810342,38.039889
906,455,23.741641,37.971153
908,455,23.882026,37.991038
910,455,23.875543,37.930171
912,455,23.855331,38.170341
913,455,23.821057,38.076548
914,455,23.821549,38.109492
915,455,23.790525,38.002124
916,455,23.909099,37.868857
917,455,23.81361,38.088439
918,455,23.769937,38.106105
920,455,23.798691,38.006702
921,455,23.860682,38.000789
