863,456,23.820919,38.072528
862,456,23.912258,37.886306
864,456,23.858091,38.002311
865,456,23.833959,38.051108
866,456,23.761917,37.986847
867,456,23.857977,38.005515
869,456,23.751304,38.052371
870,456,23.8392,38.011207
870,456,23.8392,38.011207
872,456,23.836544,38.042934
873,456,23.843453,38.012291
874,456,23.90546,37.970649
876,456,23.765932,37.991519
878,456,23.766865,38.107756
879,456,23.909545,37.869247
880,456,23.583099,38.040531
882,456,23.814621,38.081351
883,456,23.819574,38.040374
884,456,23.858745,38.009353
885,456,23.794436,38.010943
887,456,23.849997,38.025893
888,456,23.848674,38.023616
889,456,23.937544,37.989272
891,456,23.843765,38.022468
892,456,23.899496,38.011825
893,456,23.789464,38.105319
894,456,23.821407,38.070338
895,456,23.881405,37.990165
896,456,23.877048,38.222587
897,456,23.84099,38.131122
898,456,23.829269,38.043811
899,456,23.846619,38.142757
900,456,23.842573,38.137366
901,456,23.879837,37.989207
903,456,23.826738,38.115241
904,456,23.771029,38.110751
905,456,23.83006,38.040523
906,456,23.719629,37.901012
908,456,23.81962,38.013945
910,456,23.686035,38.002472
912,456,23.808159,38.045241
913,456,23.817007,38.086807
914,456,23.824018,38.111842
915,456,23.779957,38.010028
916,456,23.909187,37.870491
917,456,23.840803,38.131263
918,456,23.768425,38.108821
920,456,23.881841,37.990455
921,456,23.858051,38.002479
