863,457,23.886797,38.094046
862,457,23.906408,37.886836
864,457,23.855097,38.007403
865,457,23.836569,38.05117
866,457,23.777281,38.007087
867,457,23.901945,38.015609
869,457,23.751684,38.052051
870,457,23.840111,38.010929
870,457,23.840111,38.010929
872,457,23.814411,38.101905
873,457,23.843462,38.01226
874,457,23.905281,37.97071
876,457,23.840719,38.131213
878,457,23.770463,38.108074
879,457,23.881096,37.989768
880,457,23.580638,38.042579
882,457,23.792055,38.074394
883,457,23.787697,38.007339
884,457,23.806129,37.835548
885,457,23.859629,38.024299
887,457,23.926379,37.879008
888,457,23.818473,38.086959
889,457,23.935084,37.985671
891,457,23.845919,38.010192
892,457,23.881349,37.990573
893,457,23.734314,38.040214
894,457,23.822126,38.069339
895,457,23.806891,37.835883
896,457,23.850611,38.114577
897,457,23.84116,38.13087
898,457,23.880251,37.989036
899,457,23.817131,38.087604
900,457,23.839397,38.13127
901,457,23.857962,38.004848
903,457,23.824629,38.114002
904,457,23.770949,38.110782
905,457,23.808548,38.010459
906,457,23.737861,37.969253
908,457,23.925739,37.886157
910,457,23.907118,37.870277
912,457,23.853882,38.173789
913,457,23.820507,38.07833
914,457,23.827617,38.115401
915,457,23.788965,38.001636
916,457,23.909691,37.86935
917,457,23.81411,38.0885
918,457,23.769848,38.105346
920,457,23.798601,38.006663
921,457,23.857931,38.00452
