863,458,23.821039,38.073718
862,458,23.900938,37.887626
864,458,23.857891,38.004279
865,458,23.838009,38.051448
866,458,23.761846,37.986846
867,458,23.807852,38.019244
869,458,23.751885,38.050941
870,458,23.84097,38.010818
870,458,23.84097,38.010818
872,458,23.835674,38.043673
873,458,23.843591,38.011508
874,458,23.813877,38.038733
876,458,23.836231,38.124747
878,458,23.770143,38.107585
879,458,23.880467,37.989138
880,458,23.576978,38.04449
882,458,23.809869,38.066402
883,458,23.819093,38.039974
884,458,23.858035,38.008693
885,458,23.881537,37.990272
887,458,23.840938,38.045676
888,458,23.848764,38.023776
889,458,23.934843,37.981681
891,458,23.844515,38.022349
892,458,23.88121,37.990177
893,458,23.792616,38.106601
894,458,23.823197,38.068931
895,458,23.811396,38.017421
896,458,23.879549,38.219588
897,458,23.84112,38.130938
898,458,23.827678,38.043181
899,458,23.846838,38.142486
900,458,23.733223,38.103778
901,458,23.850006,37.992392
903,458,23.823738,38.112613
904,458,23.770868,38.110801
905,458,23.810463,38.039878
906,458,23.719989,37.898742
908,458,23.786142,38.008762
910,458,23.875663,37.93032
912,458,23.807468,38.045512
913,458,23.817317,38.087719
914,458,23.831647,38.119349
915,458,23.779026,38.009009
916,458,23.91005,37.868606
917,458,23.841123,38.130924
918,458,23.76782,38.107852
920,458,23.798081,38.006504
921,458,23.858291,38.006648
