863,462,23.82054,38.077617
862,462,23.883017,37.892078
864,462,23.858221,38.006252
865,462,23.839348,38.046916
866,462,23.758876,37.983817
867,462,23.901495,38.015708
869,462,23.751144,38.04991
870,462,23.847281,38.010005
870,462,23.847281,38.010005
872,462,23.839314,38.046474
873,462,23.84834,38.009837
874,462,23.814118,38.038573
876,462,23.765171,37.990466
878,462,23.767944,38.107695
879,462,23.880278,37.989001
880,462,23.571458,38.04885
882,462,23.8093,38.064064
883,462,23.814083,38.043144
884,462,23.857697,38.008311
885,462,23.797735,38.012656
887,462,23.852796,38.025371
888,462,23.848873,38.023826
889,462,23.925765,37.968463
891,462,23.844076,38.022399
892,462,23.901586,38.013767
893,462,23.795977,38.10635
894,462,23.762523,38.039043
895,462,23.811216,38.017482
896,462,23.88073,38.217009
897,462,23.840719,38.131469
898,462,23.822178,38.040382
899,462,23.827294,38.138431
900,462,23.820067,38.108615
901,462,23.807848,38.019195
903,462,23.769026,38.109259
904,462,23.771088,38.110584
905,462,23.865287,37.998584
906,462,23.72501,37.888202
908,462,23.881176,37.994239
910,462,23.875814,37.931461
912,462,23.841139,38.130909
913,462,23.819108,38.089359
914,462,23.840928,38.131149
915,462,23.776956,38.006919
916,462,23.908798,37.869658
917,462,23.8153,38.0886
918,462,23.768689,38.107421
920,462,23.881197,37.989845
921,462,23.85849,38.00764
