863,465,23.818539,38.08456
862,465,23.881656,37.890227
864,465,23.857475,38.002631
865,465,23.844778,38.043357
866,465,23.775629,38.005126
867,465,23.767733,37.995082
869,465,23.751225,38.049979
870,465,23.854921,38.008006
870,465,23.854921,38.008006
872,465,23.822122,38.109988
873,465,23.854801,38.007754
874,465,23.814648,38.038524
876,465,23.841071,38.130969
878,465,23.768374,38.108768
879,465,23.909076,37.868907
880,465,23.572924,38.048278
882,465,23.785326,38.071193
883,465,23.785295,38.009388
884,465,23.804361,37.834419
885,465,23.857617,38.031539
887,465,23.855907,38.024669
888,465,23.820404,38.078197
889,465,23.922424,37.966091
891,465,23.855039,38.008418
892,465,23.901867,38.015765
893,465,23.709221,38.011214
894,465,23.823795,38.066623
895,465,23.810457,38.017772
896,465,23.881889,38.21527
897,465,23.854283,38.111869
898,465,23.880922,37.989997
899,465,23.813131,38.088188
900,465,23.837667,38.127681
901,465,23.875677,37.991878
903,465,23.80847,38.101734
904,465,23.769182,38.106826
905,465,23.861618,38.000125
906,465,23.731621,37.969913
908,465,23.880686,37.99604
910,465,23.875984,37.93228
912,465,23.807139,38.045573
913,465,23.818606,38.086944
914,465,23.840998,38.130809
915,465,23.784475,37.999244
916,465,23.907768,37.869308
917,465,23.817059,38.08813
918,465,23.770388,38.104987
920,465,23.797399,38.006312
921,465,23.85643,38.008891
