863,466,23.818428,38.08673
862,466,23.881586,37.889556
864,466,23.85835,38.006702
865,466,23.847248,38.041995
866,466,23.755846,37.981796
867,466,23.858067,38.005916
869,466,23.751345,38.050177
870,466,23.85502,38.006354
870,466,23.85502,38.006354
872,466,23.839924,38.047641
873,466,23.85531,38.006183
874,466,23.814679,38.038493
876,466,23.829139,38.117618
878,466,23.768354,38.108768
879,466,23.878347,37.990069
880,466,23.572929,38.048339
882,466,23.808791,38.060783
883,466,23.807733,38.045433
884,466,23.857537,38.008082
885,466,23.881777,37.990451
887,466,23.920747,37.870727
888,466,23.849013,38.024158
889,466,23.921574,37.966071
891,466,23.843386,38.02246
892,466,23.88136,37.993594
893,466,23.737454,38.044967
894,466,23.763035,38.038913
895,466,23.790047,38.014838
896,466,23.840871,38.130843
897,466,23.839009,38.130481
898,466,23.819378,38.039913
899,466,23.832834,38.13922
900,466,23.732572,38.103698
901,466,23.857981,38.005069
903,466,23.768976,38.11032
904,466,23.769163,38.106887
905,466,23.83506,38.042083
906,466,23.731539,37.876754
908,466,23.821039,38.013645
910,466,23.687856,38.000183
912,466,23.849492,38.186912
913,466,23.821089,38.091231
914,466,23.841016,38.13082
915,466,23.775408,38.004779
916,466,23.909519,37.869216
917,466,23.786712,38.084922
918,466,23.76895,38.107012
920,466,23.860012,38.021838
921,466,23.85688,38.009921
