863,469,23.817518,38.087909
862,469,23.879236,37.886504
864,469,23.860285,38.000919
865,469,23.856748,38.033908
866,469,23.772039,38.000724
867,469,23.856498,38.031848
869,469,23.754376,38.048686
870,469,23.857629,38.002574
870,469,23.857629,38.002574
872,469,23.828512,38.116229
873,469,23.85964,38.001411
874,469,23.814629,38.038383
876,469,23.827178,38.115627
878,469,23.769785,38.104488
879,469,23.908057,37.868736
880,469,23.573179,38.048289
882,469,23.813911,38.079322
883,469,23.806584,38.045604
884,469,23.802301,37.833968
885,469,23.881866,37.990569
887,469,23.919367,37.869635
888,469,23.821054,38.076106
889,469,23.914204,37.967842
891,469,23.85639,38.004951
892,469,23.880821,37.995543
893,469,23.739174,38.046515
894,469,23.827336,38.064281
895,469,23.787397,38.01292
896,469,23.840952,38.130775
897,469,23.852633,38.11544
898,469,23.881348,37.99015
899,469,23.811552,38.087867
900,469,23.835863,38.059577
901,469,23.900503,37.959587
903,469,23.79776,38.097534
904,469,23.769842,38.106601
905,469,23.83806,38.039623
906,469,23.730579,37.96754
908,469,23.8815,37.990264
910,469,23.876853,37.932453
912,469,23.808258,38.048984
913,469,23.818525,38.087215
914,469,23.840847,38.131351
915,469,23.773857,38.002799
916,469,23.906979,37.868816
917,469,23.818158,38.087489
918,469,23.769009,38.106712
920,469,23.859942,38.02222
921,469,23.85244,38.01667
