863,471,23.81844,38.089087
862,471,23.875885,37.881644
864,471,23.862315,37.999828
865,471,23.853877,38.029475
866,471,23.752627,37.978737
867,471,23.900826,38.01604
869,471,23.757236,38.047515
870,471,23.86137,38.000243
870,471,23.86137,38.000243
872,471,23.839904,38.048393
873,471,23.868169,37.99705
874,471,23.815338,38.038131
876,471,23.840098,38.131236
878,471,23.769956,38.105495
879,471,23.907957,37.868686
880,471,23.577148,38.046599
882,471,23.80871,38.060481
883,471,23.859113,38.007351
884,471,23.80227,37.833529
885,471,23.857058,38.033412
887,471,23.859427,38.02391
888,471,23.880981,37.989966
889,471,23.909374,37.968192
891,471,23.857331,38.002662
892,471,23.880702,37.996055
893,471,23.709812,38.010967
894,471,23.829815,38.063571
895,471,23.809559,38.018123
896,471,23.883049,38.21117
897,471,23.857092,38.119018
898,471,23.833098,38.024806
899,471,23.811092,38.087787
900,471,23.814716,38.104114
901,471,23.85799,38.005149
903,471,23.793391,38.094722
904,471,23.769851,38.106501
905,471,23.857878,38.004317
906,471,23.728029,37.96553
908,471,23.824598,38.013793
910,471,23.761023,37.987289
912,471,23.810098,38.051494
913,471,23.818436,38.087435
914,471,23.840638,38.131748
915,471,23.772226,38.00093
916,471,23.909592,37.869243
917,471,23.818559,38.085059
918,471,23.769536,38.107631
920,471,23.880391,37.989116
921,471,23.84973,38.02074
