863,472,23.81905,38.089446
862,472,23.874245,37.877845
864,472,23.858492,38.007213
865,472,23.856308,38.028285
866,472,23.768731,37.997275
867,472,23.805111,38.018612
869,472,23.757856,38.047423
870,472,23.775638,38.00447
870,472,23.775638,38.00447
872,472,23.831811,38.119468
873,472,23.87005,37.996032
874,472,23.815137,38.038211
876,472,23.824749,38.114055
878,472,23.770047,38.106044
879,472,23.876206,37.99504
880,472,23.575864,38.047168
882,472,23.839117,38.11338
883,472,23.860254,38.007232
884,472,23.861887,38.004451
885,472,23.808265,38.060286
887,472,23.918037,37.868556
888,472,23.849502,38.025039
889,472,23.906874,37.968414
891,472,23.860611,38.00064
892,472,23.900868,38.015857
893,472,23.742354,38.049434
894,472,23.766945,38.036872
895,472,23.880516,37.989234
896,472,23.86318,38.107314
897,472,23.830837,38.11869
898,472,23.880052,37.989135
899,472,23.839974,38.140594
900,472,23.820392,38.078204
901,472,23.804136,38.018443
903,472,23.770527,38.111091
904,472,23.771128,38.110504
905,472,23.8405,38.037613
906,472,23.746048,37.863731
908,472,23.930931,37.887878
910,472,23.877585,37.932132
912,472,23.850771,38.192962
913,472,23.8256,38.101092
914,472,23.839945,38.136607
915,472,23.780507,37.996356
916,472,23.909938,37.868716
917,472,23.786811,38.085342
918,472,23.770177,38.107669
920,472,23.859732,38.022979
921,472,23.848579,38.02069
