863,475,23.807175,38.083519
862,475,23.869514,37.869243
864,475,23.867724,37.997268
865,475,23.859586,38.023383
866,475,23.767959,37.995647
867,475,23.900746,38.016101
869,475,23.759278,38.047042
870,475,23.87006,37.996002
870,475,23.87006,37.996002
872,475,23.835241,38.122928
873,475,23.876451,37.991278
874,475,23.88188,37.990566
876,475,23.823719,38.112624
878,475,23.769087,38.106963
879,475,23.906908,37.868628
880,475,23.583186,38.04359
882,475,23.782726,38.069831
883,475,23.861145,38.011482
884,475,23.802452,37.831321
885,475,23.798796,38.012466
887,475,23.916257,37.867828
888,475,23.849962,38.025779
889,475,23.903974,37.974265
891,475,23.872883,37.994579
892,475,23.880241,37.997726
893,475,23.802576,38.107021
894,475,23.836075,38.060718
895,475,23.809159,38.018283
896,475,23.87852,38.210906
897,475,23.856443,38.125819
898,475,23.833868,38.025706
899,475,23.810682,38.087718
900,475,23.732532,38.103747
901,475,23.873047,37.9902
903,475,23.79007,38.091804
904,475,23.769531,38.107101
905,475,23.84259,38.035983
906,475,23.72309,37.961631
908,475,23.880137,37.999469
910,475,23.877945,37.93188
912,475,23.810938,38.053374
913,475,23.82584,38.106154
914,475,23.838206,38.12886
915,475,23.768257,37.99636
916,475,23.906849,37.868698
917,475,23.819971,38.079352
918,475,23.770519,38.108562
920,475,23.877939,37.990375
921,475,23.84257,38.021529
