863,477,23.807265,38.085437
862,477,23.868885,37.862914
864,477,23.869824,37.996066
865,477,23.761471,37.987414
866,477,23.749506,37.976443
867,477,23.85698,38.033839
869,477,23.758806,38.046542
870,477,23.87433,37.992694
870,477,23.87433,37.992694
872,477,23.839666,38.050483
873,477,23.881012,37.989761
874,477,23.815137,38.038211
876,477,23.840819,38.131385
878,477,23.769447,38.10765
879,477,23.906849,37.868659
880,477,23.583687,38.043349
882,477,23.8086,38.060501
883,477,23.860266,38.01596
884,477,23.801892,37.82941
885,477,23.800316,38.013057
887,477,23.860308,38.019629
888,477,23.840956,38.131228
889,477,23.897285,37.979034
891,477,23.879314,37.989368
892,477,23.880222,37.999717
893,477,23.804916,38.10696
894,477,23.835884,38.059569
895,477,23.783548,38.010139
896,477,23.875109,38.210876
897,477,23.857914,38.129798
898,477,23.811968,38.044132
899,477,23.810322,38.08765
900,477,23.836082,38.058787
901,477,23.802887,38.018184
903,477,23.768794,38.108515
904,477,23.76926,38.106632
905,477,23.858297,38.006496
906,477,23.719229,37.958801
908,477,23.932411,37.887287
910,477,23.738251,37.960906
912,477,23.811789,38.055915
913,477,23.818054,38.087787
914,477,23.836266,38.124808
915,477,23.768047,37.99591
916,477,23.908909,37.868896
917,477,23.820292,38.078353
918,477,23.77034,38.108832
920,477,23.796169,38.005893
921,477,23.83775,38.021259
