863,481,23.809555,38.086429
862,481,23.873596,37.848797
864,481,23.874153,37.992797
865,481,23.76136,37.987335
866,481,23.76753,37.994426
867,481,23.858335,38.006847
869,481,23.758738,38.045131
870,481,23.881458,37.990333
870,481,23.881458,37.990333
872,481,23.839401,38.131
873,481,23.881292,37.990131
874,481,23.818567,38.036094
876,481,23.817678,38.106346
878,481,23.770798,38.107589
879,481,23.868204,37.997004
880,481,23.580003,38.043037
882,481,23.835657,38.117111
883,481,23.859217,38.028251
884,481,23.800741,37.826351
885,481,23.800664,38.010608
887,481,23.860338,38.01802
888,481,23.821124,38.067749
889,481,23.883154,37.987682
891,481,23.843086,38.02254
892,481,23.872389,37.989837
893,481,23.755154,38.066627
894,481,23.838234,38.057727
895,481,23.780628,38.009948
896,481,23.869778,38.208507
897,481,23.858015,38.131401
898,481,23.836307,38.028469
899,481,23.810143,38.087631
900,481,23.807587,38.101295
901,481,23.85802,38.005347
903,481,23.785,38.090824
904,481,23.768749,38.107234
905,481,23.847521,38.033306
906,481,23.716539,37.956859
908,481,23.833588,38.013171
910,481,23.696817,37.994544
912,481,23.809078,38.061519
913,481,23.826169,38.111076
914,481,23.829326,38.11713
915,481,23.767427,37.994449
916,481,23.906827,37.868728
917,481,23.820702,38.077182
918,481,23.769738,38.109306
920,481,23.874159,37.991626
921,481,23.83803,38.023467
