863,482,23.82003,38.100345
862,482,23.872566,37.844646
864,482,23.856672,38.009975
865,482,23.857548,38.011264
866,482,23.83507,38.02687
867,482,23.803352,38.018268
869,482,23.759798,38.04346
870,482,23.881159,37.989936
870,482,23.881159,37.989936
872,482,23.839447,38.051215
873,482,23.881283,37.990119
874,482,23.818647,38.036082
876,482,23.76168,37.987171
878,482,23.770517,38.107627
879,482,23.865315,37.998553
880,482,23.584277,38.043078
882,482,23.806786,38.087569
883,482,23.859127,38.0307
884,482,23.869637,37.996165
885,482,23.844005,38.044028
887,482,23.912737,37.866988
888,482,23.850683,38.026477
889,482,23.881995,37.988051
891,482,23.842966,38.022571
892,482,23.881492,38.002406
893,482,23.807747,38.106688
894,482,23.763656,38.036758
895,482,23.807988,38.018733
896,482,23.841143,38.130805
897,482,23.82165,38.110099
898,482,23.875051,37.992767
899,482,23.839973,38.131907
900,482,23.820732,38.077144
901,482,23.801407,38.017894
903,482,23.768674,38.107165
904,482,23.768769,38.107254
905,482,23.806997,38.009677
906,482,23.752727,37.849769
908,482,23.934292,37.886486
910,482,23.877266,37.9323
912,482,23.84748,38.198085
913,482,23.840328,38.131896
914,482,23.835075,38.123759
915,482,23.779445,37.987979
916,482,23.909602,37.868731
917,482,23.792642,38.091556
918,482,23.770018,38.106143
920,482,23.858841,38.024028
921,482,23.838239,38.024066
