863,484,23.819629,38.100524
862,484,23.869537,37.837596
864,484,23.854812,38.011443
865,484,23.857688,38.009154
866,484,23.767271,37.993785
867,484,23.858345,38.006866
869,484,23.762968,38.041919
870,484,23.881588,37.990355
870,484,23.881588,37.990355
872,484,23.839447,38.051235
873,484,23.880024,37.989108
874,484,23.818429,38.036373
876,484,23.761351,37.987201
878,484,23.767845,38.107929
879,484,23.858743,38.001975
880,484,23.571113,38.046305
882,484,23.782377,38.06932
883,484,23.856788,38.032611
884,484,23.870475,37.995895
885,484,23.842057,38.045028
887,484,23.775376,38.004569
888,484,23.821684,38.066681
889,484,23.881014,37.989642
891,484,23.842726,38.02262
892,484,23.869919,37.990626
893,484,23.760164,38.068686
894,484,23.763496,38.036918
895,484,23.780409,38.009986
896,484,23.865538,38.206508
897,484,23.817859,38.106459
898,484,23.838426,38.027637
899,484,23.840853,38.131297
900,484,23.831127,38.11885
901,484,23.849815,37.99057
903,484,23.768725,38.107066
904,484,23.770887,38.110793
905,484,23.8509,38.031715
906,484,23.755568,37.844699
908,484,23.837439,38.012031
910,484,23.877127,37.932281
912,484,23.848121,38.198574
913,484,23.840985,38.131194
914,484,23.836266,38.1249
915,484,23.781675,37.985469
916,484,23.908001,37.868693
917,484,23.795884,38.091865
918,484,23.769377,38.106544
920,484,23.872509,37.989775
921,484,23.838631,38.023704
