863,486,23.8193,38.100635
862,486,23.862318,37.829993
864,486,23.853253,38.014785
865,486,23.85809,38.008903
866,486,23.741634,37.971073
867,486,23.847592,38.041938
869,486,23.762678,38.041446
870,486,23.881607,37.990367
870,486,23.881607,37.990367
872,486,23.838766,38.051642
873,486,23.875614,37.991927
874,486,23.815307,38.038143
876,486,23.840679,38.131454
878,486,23.768725,38.107528
879,486,23.857473,38.002635
880,486,23.570154,38.048007
882,486,23.802706,38.087379
883,486,23.853178,38.036785
884,486,23.874025,37.992873
885,486,23.800964,38.008837
887,486,23.911207,37.866817
888,486,23.824154,38.066562
889,486,23.891046,38.248687
891,486,23.843897,38.022662
892,486,23.88135,37.99015
893,486,23.711101,38.010428
894,486,23.761655,38.038108
895,486,23.807499,38.018913
896,486,23.880168,38.102367
897,486,23.81271,38.103278
898,486,23.807459,38.046134
899,486,23.841143,38.130916
900,486,23.839821,38.130717
901,486,23.85802,38.005359
903,486,23.768706,38.106678
904,486,23.770477,38.110675
905,486,23.858537,38.007255
906,486,23.760787,37.840301
908,486,23.882405,38.002277
910,486,23.877217,37.932262
912,486,23.850441,38.200442
913,486,23.839588,38.131636
914,486,23.838295,38.12908
915,486,23.781854,37.983477
916,486,23.906881,37.868522
917,486,23.795273,38.093227
918,486,23.768757,38.107054
920,486,23.85573,38.024719
921,486,23.839601,38.02328
