863,487,23.809085,38.093391
862,487,23.858167,37.827052
864,487,23.880524,37.989215
865,487,23.85813,38.008811
866,487,23.76708,37.993484
867,487,23.858385,38.007007
869,487,23.762487,38.041286
870,487,23.88139,37.990134
870,487,23.88139,37.990134
872,487,23.84103,38.131141
873,487,23.874964,37.992396
874,487,23.813438,38.038844
876,487,23.799019,38.098025
878,487,23.768856,38.108874
879,487,23.881225,37.98984
880,487,23.586216,38.049179
882,487,23.81229,38.074759
883,487,23.850027,38.040183
884,487,23.799562,37.822303
885,487,23.840206,38.046176
887,487,23.839519,38.051085
888,487,23.839937,38.131881
889,487,23.891136,38.248847
891,487,23.844877,38.022502
892,487,23.87077,37.991694
893,487,23.841034,38.130844
894,487,23.838602,38.051776
895,487,23.878826,37.989733
896,487,23.841012,38.130958
897,487,23.847115,38.128619
898,487,23.841427,38.026256
899,487,23.808794,38.087463
900,487,23.837612,38.058719
901,487,23.799877,38.017684
903,487,23.776501,38.091182
904,487,23.767908,38.107856
905,487,23.854521,38.030044
906,487,23.766107,37.836879
908,487,23.841858,38.01073
910,487,23.696348,37.991641
912,487,23.811058,38.06779
913,487,23.817713,38.087928
914,487,23.827186,38.112903
915,487,23.766258,37.991947
916,487,23.906788,37.868682
917,487,23.820982,38.074279
918,487,23.769087,38.109393
920,487,23.795537,38.005599
921,487,23.839833,38.0232
