863,49,23.839443,38.131232
862,49,23.839981,38.028487
864,49,23.878157,37.990207
865,49,23.988714,38.036338
866,49,23.879144,38.003783
867,49,23.843994,37.994445
869,49,23.841129,38.130916
870,49,23.794392,38.004669
870,49,23.794392,38.004669
872,49,23.782494,38.091545
873,49,23.901685,38.013755
874,49,23.775923,38.003783
875,49,23.769426,38.032576
876,49,23.819456,38.107505
878,49,23.770851,38.09241
879,49,23.880249,37.998881
880,49,23.761083,38.091071
882,49,23.775558,38.091876
883,49,23.881268,37.990138
884,49,23.787736,38.024829
885,49,23.874922,37.99256
887,49,23.874935,37.992355
888,49,23.841187,38.130969
889,49,23.816756,38.103553
891,49,23.88105,37.989669
892,49,23.930954,37.85987
893,49,23.720325,38.016654
894,49,23.8718,38.005206
895,49,23.859416,37.972755
896,49,23.829607,38.116809
897,49,23.840974,38.131168
898,49,23.855598,38.009494
899,49,23.829531,38.071902
900,49,23.838905,38.052428
901,49,23.779497,38.029739
903,49,23.793346,38.124393
904,49,23.733278,38.103911
905,49,23.858457,38.006881
906,49,23.881298,37.990119
908,49,23.85853,38.007179
910,49,23.880405,37.9892
911,49,23.808176,38.049212
912,49,23.840992,38.13111
913,49,23.854082,38.185607
914,49,23.830768,38.11864
915,49,23.845817,38.019172
916,49,23.867024,37.997665
917,49,23.810415,38.102607
918,49,23.734484,38.105182
920,49,23.869894,37.996028
921,49,23.900224,37.955333
