863,492,23.816469,38.101444
862,492,23.837648,37.820693
864,492,23.881395,37.991657
865,492,23.85796,38.007637
866,492,23.739044,37.969623
867,492,23.840231,38.0461
869,492,23.848719,38.14043
870,492,23.881486,37.991676
870,492,23.881486,37.991676
872,492,23.838486,38.057384
873,492,23.863384,37.99948
874,492,23.88179,37.990448
876,492,23.786349,38.085601
878,492,23.769436,38.106601
879,492,23.853535,38.008632
880,492,23.572785,38.048126
882,492,23.777817,38.066028
883,492,23.881098,37.990348
884,492,23.881275,37.990073
885,492,23.839656,38.046595
887,492,23.864838,38.01707
888,492,23.827524,38.064223
889,492,23.861656,38.011508
891,492,23.849166,38.02201
892,492,23.870239,37.995704
893,492,23.772906,38.073817
894,492,23.839632,38.049404
895,492,23.876726,37.991103
896,492,23.884749,38.101077
897,492,23.79453,38.095779
898,492,23.87406,37.995227
899,492,23.800734,38.087165
900,492,23.840796,38.130958
901,492,23.850025,37.989917
903,492,23.775101,38.092216
904,492,23.768758,38.109077
905,492,23.810612,38.039737
906,492,23.881317,37.990069
908,492,23.884865,38.001746
910,492,23.737911,37.960716
912,492,23.811098,38.070899
913,492,23.841034,38.131053
914,492,23.840894,38.131152
915,492,23.781574,37.982108
916,492,23.909914,37.868716
917,492,23.840834,38.13127
918,492,23.769146,38.109432
920,492,23.870647,37.991447
921,492,23.842634,38.022693
