863,5,23.880014,38.21907
862,5,23.845167,38.018382
864,5,23.856132,38.003245
865,5,23.960678,38.159606
866,5,23.881418,37.990203
867,5,23.848513,37.992976
869,5,23.87224,38.11806
870,5,23.881252,37.985381
872,5,23.840973,38.131213
873,5,23.881708,37.990455
874,5,23.881332,37.990001
875,5,23.761737,38.019127
876,5,23.720569,38.075331
878,5,23.840677,38.131572
879,5,23.982246,38.069335
880,5,23.838173,38.128654
882,5,23.841099,38.130919
883,5,23.865919,37.99821
884,5,23.722782,38.014984
885,5,23.881802,37.991222
887,5,23.881814,37.990325
888,5,23.881126,37.989989
889,5,23.845206,38.138511
891,5,23.88052,37.989203
892,5,23.929918,37.842483
893,5,23.707208,38.016337
894,5,23.881123,37.989852
895,5,23.850484,37.966014
896,5,23.840805,38.131297
897,5,23.814661,38.102069
898,5,23.858143,38.008929
899,5,23.840939,38.131347
900,5,23.839012,38.130469
901,5,23.745679,38.023063
903,5,23.768831,38.108939
904,5,23.766724,38.107887
905,5,23.881239,37.990043
906,5,23.85885,37.972392
908,5,23.880062,37.985527
910,5,23.881237,37.989902
911,5,23.840808,38.13145
912,5,23.840536,38.131442
913,5,23.841106,38.130958
914,5,23.717548,38.07175
915,5,23.853309,38.000686
916,5,23.856928,38.002814
917,5,23.743115,38.100978
918,5,23.767919,38.108604
920,5,23.858109,38.00896
921,5,23.843225,38.011584
