863,50,23.837883,38.128032
862,50,23.837391,38.029636
864,50,23.880638,37.98933
865,50,23.984563,38.03297
866,50,23.881633,37.990417
867,50,23.847445,37.994586
869,50,23.841049,38.130977
870,50,23.792041,38.002849
870,50,23.792041,38.002849
872,50,23.812992,38.101314
873,50,23.901966,38.015266
874,50,23.775723,38.004351
875,50,23.789801,38.023662
876,50,23.823276,38.111114
878,50,23.768051,38.09206
879,50,23.881168,37.99467
880,50,23.760294,38.09077
882,50,23.774498,38.092468
883,50,23.881407,37.990077
884,50,23.789316,38.023849
885,50,23.905411,38.002632
887,50,23.885653,37.986358
888,50,23.841088,38.130981
889,50,23.815988,38.102252
891,50,23.881149,37.98981
892,50,23.931321,37.841186
893,50,23.718157,38.011916
894,50,23.856192,38.0083
895,50,23.876165,37.991462
896,50,23.816266,38.101604
897,50,23.818257,38.106281
898,50,23.881268,37.990127
899,50,23.831122,38.071761
900,50,23.815977,38.102565
901,50,23.751341,38.020717
903,50,23.793747,38.125324
904,50,23.733679,38.10522
905,50,23.874775,37.992385
906,50,23.881339,37.99015
908,50,23.858489,38.00719
910,50,23.857473,38.007815
911,50,23.807766,38.047695
912,50,23.831516,38.119227
913,50,23.854511,38.189209
914,50,23.833319,38.121161
915,50,23.844817,38.017192
916,50,23.871294,37.995673
917,50,23.813486,38.105067
918,50,23.768633,38.108825
920,50,23.857444,38.007988
921,50,23.899124,37.953403
