863,501,23.893871,38.102241
862,501,23.817853,37.819881
864,501,23.881266,37.990023
865,501,23.866458,37.997886
866,501,23.734644,37.97018
867,501,23.839861,38.04861
869,501,23.842247,38.136939
870,501,23.882174,37.985568
870,501,23.882174,37.985568
872,501,23.767614,38.107711
873,501,23.858553,38.007445
874,501,23.874142,37.991702
876,501,23.75847,38.064235
878,501,23.770788,38.107627
879,501,23.857143,38.009471
880,501,23.606486,38.059535
882,501,23.837246,38.12651
883,501,23.839775,38.049083
884,501,23.793473,37.823131
885,501,23.801242,38.008418
887,501,23.910616,37.868739
888,501,23.801649,38.075377
889,501,23.880588,38.238776
891,501,23.858517,38.020633
892,501,23.861799,38.000064
893,501,23.819517,38.10831
894,501,23.840313,38.050567
895,501,23.801249,38.017802
896,501,23.854128,38.186366
897,501,23.840914,38.131308
898,501,23.811929,38.055243
899,501,23.790195,38.097755
900,501,23.840925,38.130878
901,501,23.797619,38.017414
903,501,23.769844,38.10765
904,501,23.770389,38.110648
905,501,23.861208,38.011542
906,501,23.786375,37.833598
908,501,23.886855,38.003829
910,501,23.69505,37.989242
912,501,23.812118,38.07281
913,501,23.820343,38.090728
914,501,23.822176,38.092906
915,501,23.763071,37.988067
916,501,23.912282,37.866912
917,501,23.804904,38.100318
918,501,23.767805,38.107925
920,501,23.874668,37.992397
921,501,23.844263,38.02238
