863,503,23.825079,38.112769
862,503,23.809075,37.822177
864,503,23.880214,37.989032
865,503,23.886821,38.003905
866,503,23.849449,38.025104
867,503,23.881314,37.990119
869,503,23.840739,38.131469
870,503,23.882974,37.98725
870,503,23.882974,37.98725
872,503,23.766545,38.10789
873,503,23.860412,38.007255
874,503,23.872443,37.989791
876,503,23.75757,38.062892
878,503,23.767994,38.108798
879,503,23.908659,37.868827
880,503,23.610737,38.062713
882,503,23.809419,38.064551
883,503,23.838484,38.05152
884,503,23.795095,38.000869
885,503,23.810887,38.053328
887,503,23.776735,38.001708
888,503,23.829447,38.118171
889,503,23.87509,38.240607
891,503,23.861166,38.019973
892,503,23.858499,38.002124
893,503,23.839573,38.13124
894,503,23.840473,38.050414
895,503,23.776699,38.006538
896,503,23.852647,38.184848
897,503,23.840914,38.131278
898,503,23.868438,37.996894
899,503,23.789675,38.098025
900,503,23.820662,38.071464
901,503,23.850555,37.987636
903,503,23.770263,38.107959
904,503,23.770868,38.110278
905,503,23.805946,38.009223
906,503,23.787166,37.833877
908,503,23.951441,37.893665
910,503,23.69483,37.988681
912,503,23.840238,38.131881
913,503,23.828296,38.117107
914,503,23.822127,38.092796
915,503,23.762881,37.987838
916,503,23.913613,37.86703
917,503,23.839982,38.131873
918,503,23.768866,38.108977
920,503,23.793969,38.004527
921,503,23.843313,38.022498
