863,505,23.822746,38.110583
862,505,23.803404,37.820449
864,505,23.877335,37.990752
865,505,23.891753,38.004558
866,505,23.849849,38.025714
867,505,23.800552,38.017665
869,505,23.840968,38.131107
870,505,23.883045,37.987472
870,505,23.883045,37.987472
872,505,23.766045,38.107219
873,505,23.861011,38.009624
874,505,23.870112,37.99039
876,505,23.755209,38.057952
878,505,23.768213,38.108787
879,505,23.91014,37.868606
880,505,23.616756,38.066043
882,505,23.808689,38.060279
883,505,23.835813,38.0512
884,505,23.795534,38.000407
885,505,23.833197,38.042094
887,505,23.909656,37.86874
888,505,23.80086,38.075618
889,505,23.869979,38.238276
891,505,23.864826,38.017791
892,505,23.857859,38.003856
893,505,23.823427,38.112918
894,505,23.780616,38.029049
895,505,23.80109,37.827892
896,505,23.853317,38.181198
897,505,23.841003,38.131179
898,505,23.848397,38.025065
899,505,23.788574,38.097545
900,505,23.825777,38.114292
901,505,23.8581,38.005741
903,505,23.770483,38.108528
904,505,23.770958,38.110396
905,505,23.849049,38.02053
906,505,23.787648,37.834079
908,505,23.85639,38.005096
910,505,23.737221,37.960303
912,505,23.87092,38.209239
913,505,23.840692,38.131381
914,505,23.821907,38.092426
915,505,23.76226,37.987376
916,505,23.914331,37.86724
917,505,23.826123,38.064819
918,505,23.768477,38.108657
920,505,23.873578,37.990947
921,505,23.842363,38.022796
