863,508,23.826486,38.114192
862,508,23.797323,37.821689
864,508,23.872014,37.989833
865,508,23.893272,38.004447
866,508,23.850399,38.026133
867,508,23.881314,37.990119
869,508,23.762976,38.041736
870,508,23.881237,37.988403
870,508,23.881237,37.988403
872,508,23.826687,38.066348
873,508,23.86035,38.014762
874,508,23.907681,37.967414
876,508,23.751499,38.052512
878,508,23.768312,38.108787
879,508,23.857253,38.009563
880,508,23.621616,38.067752
882,508,23.809419,38.064521
883,508,23.830744,38.051562
884,508,23.796144,37.999938
885,508,23.831006,38.040496
887,508,23.870237,38.017841
888,508,23.852614,38.028881
889,508,23.87067,38.231994
891,508,23.868025,38.017951
892,508,23.909634,38.002513
893,508,23.790325,38.090388
894,508,23.786716,38.025398
895,508,23.775909,38.005577
896,508,23.855217,38.176567
897,508,23.78039,38.077449
898,508,23.848386,38.025065
899,508,23.763117,38.041732
900,508,23.841078,38.130927
901,508,23.858101,38.005832
903,508,23.770581,38.094661
904,508,23.770515,38.110408
905,508,23.851139,38.0195
906,508,23.789038,37.834651
908,508,23.856119,38.003635
910,508,23.694609,37.988109
912,508,23.8732,38.209808
913,508,23.840744,38.131484
914,508,23.821047,38.091308
915,508,23.777534,37.977023
916,508,23.908987,37.869991
917,508,23.828783,38.06396
918,508,23.768644,38.107795
920,508,23.87196,37.989887
921,508,23.841063,38.022979
