863,510,23.890461,38.10068
862,510,23.794984,37.822231
864,510,23.871515,37.992594
865,510,23.86797,37.997146
866,510,23.851669,38.025695
867,510,23.799501,38.017516
869,510,23.841097,38.130927
870,510,23.881216,37.989784
870,510,23.881216,37.989784
872,510,23.825117,38.066429
873,510,23.86039,38.01966
874,510,23.90657,37.967284
876,510,23.750009,38.051151
878,510,23.767833,38.107978
879,510,23.858514,38.010234
880,510,23.620016,38.068293
882,510,23.840826,38.131388
883,510,23.824774,38.053283
884,510,23.796755,37.999378
885,510,23.830947,38.040458
887,510,23.83435,38.051139
888,510,23.836094,38.060371
889,510,23.87458,38.225352
891,510,23.872006,38.017672
892,510,23.912073,38.001502
893,510,23.713223,38.009467
894,510,23.791826,38.022475
895,510,23.80072,37.826282
896,510,23.886818,38.094031
897,510,23.7838,38.081595
898,510,23.80896,38.060367
899,510,23.763077,38.041812
900,510,23.838564,38.12947
901,510,23.893864,37.942531
903,510,23.770964,38.108467
904,510,23.768995,38.110438
905,510,23.860458,38.018871
906,510,23.789367,37.834811
908,510,23.899044,38.003181
910,510,23.699067,37.985889
912,510,23.813907,38.079039
913,510,23.823397,38.112358
914,510,23.820158,38.090606
915,510,23.777534,37.976974
916,510,23.91658,37.867931
917,510,23.814745,38.10546
918,510,23.767884,38.107936
920,510,23.862389,37.999831
921,510,23.84107,38.023044
