863,512,23.837597,38.127353
862,512,23.794134,37.822242
864,512,23.870145,37.995754
865,512,23.870029,37.995998
866,512,23.765381,37.990459
867,512,23.767112,37.993693
869,512,23.762886,38.041606
870,512,23.881001,37.989833
870,512,23.881001,37.989833
872,512,23.822206,38.066626
873,512,23.859859,38.022632
874,512,23.905871,37.968295
876,512,23.74999,38.051139
878,512,23.766063,38.107566
879,512,23.881357,37.990119
880,512,23.619846,38.068187
882,512,23.794184,38.076068
883,512,23.820044,38.052436
884,512,23.797516,37.999968
885,512,23.830257,38.040206
887,512,23.872118,38.01739
888,512,23.852974,38.02904
889,512,23.87504,38.222831
891,512,23.871824,38.015864
892,512,23.913513,37.999862
893,512,23.793565,38.094569
894,512,23.796517,38.017616
895,512,23.870446,37.990203
896,512,23.886948,38.09378
897,512,23.786,38.084483
898,512,23.858349,38.002216
899,512,23.760977,38.042362
900,512,23.840626,38.131523
901,512,23.869118,37.996509
903,512,23.768537,38.108756
904,512,23.768735,38.108829
905,512,23.804997,38.008773
906,512,23.789748,37.834952
908,512,23.96418,37.895164
910,512,23.701387,37.984989
912,512,23.835748,38.123702
913,512,23.839843,38.131866
914,512,23.818979,38.089434
915,512,23.777584,37.976986
916,512,23.909258,37.868911
917,512,23.836273,38.124824
918,512,23.768513,38.108806
920,512,23.852941,38.026401
921,512,23.841551,38.023032
