863,514,23.833676,38.121383
862,514,23.793486,37.822501
864,514,23.868265,37.996986
865,514,23.872869,37.994617
866,514,23.731614,37.968334
867,514,23.799002,38.017448
869,514,23.762627,38.041427
870,514,23.876974,37.983939
870,514,23.876974,37.983939
872,514,23.821306,38.067668
873,514,23.85931,38.026793
874,514,23.905491,37.971446
876,514,23.74975,38.050899
878,514,23.764603,38.107016
879,514,23.881317,37.989989
880,514,23.618415,38.068377
882,514,23.786035,38.060135
883,514,23.813253,38.053638
884,514,23.793316,38.003547
885,514,23.801513,38.007945
887,514,23.832281,38.05125
888,514,23.823797,38.113212
889,514,23.876449,38.218032
891,514,23.870936,38.008132
892,514,23.917482,37.998813
893,514,23.713232,38.009437
894,514,23.799085,38.017345
895,514,23.892572,37.982055
896,514,23.856558,38.165889
897,514,23.763107,38.041625
898,514,23.80876,38.060447
899,514,23.759265,38.04449
900,514,23.821071,38.067714
901,514,23.850985,37.984885
903,514,23.768608,38.108825
904,514,23.768545,38.108772
905,514,23.854429,38.012169
906,514,23.789947,37.835013
908,514,23.85677,38.002876
910,514,23.702168,37.98492
912,514,23.878241,38.210857
913,514,23.819887,38.108787
914,514,23.817659,38.088454
915,514,23.777044,37.978278
916,514,23.908626,37.870459
917,514,23.835281,38.060909
918,514,23.768613,38.108737
920,514,23.858448,38.002162
921,514,23.84178,38.023101
