863,515,23.839947,38.131854
862,515,23.793436,37.82302
864,515,23.864876,37.998824
865,515,23.875068,37.992126
866,515,23.76534,37.990378
867,515,23.8358,38.051158
869,515,23.762636,38.041427
870,515,23.880202,37.989032
870,515,23.880202,37.989032
872,515,23.763737,38.10635
873,515,23.859199,38.029735
874,515,23.86107,37.98759
876,515,23.83947,38.131453
878,515,23.764162,38.106567
879,515,23.860256,38.015063
880,515,23.618126,38.068179
882,515,23.841137,38.130927
883,515,23.812224,38.053848
884,515,23.793257,38.003535
885,515,23.829887,38.041506
887,515,23.781246,38.00191
888,515,23.835983,38.05986
889,515,23.876489,38.217922
891,515,23.871755,38.005851
892,515,23.858288,38.006446
893,515,23.831952,38.119678
894,515,23.800776,38.017566
895,515,23.80064,37.824462
896,515,23.856878,38.160788
897,515,23.763098,38.041786
898,515,23.848947,38.024935
899,515,23.758726,38.045321
900,515,23.835374,38.140746
901,515,23.892963,37.940551
903,515,23.766501,38.097301
904,515,23.768725,38.108542
905,515,23.804786,38.008682
906,515,23.790068,37.835025
908,515,23.96983,37.894073
910,515,23.736322,37.959823
912,515,23.832079,38.119842
913,515,23.824823,38.098789
914,515,23.81754,38.088314
915,515,23.776224,37.979167
916,515,23.910137,37.86872
917,515,23.833693,38.121543
918,515,23.768613,38.108776
920,515,23.870829,37.991836
921,515,23.84282,38.022873
