863,52,23.841118,38.130866
862,52,23.834511,38.026366
864,52,23.879769,37.989238
865,52,23.982883,38.025889
866,52,23.878155,38.003795
867,52,23.847966,37.994365
869,52,23.840879,38.131229
870,52,23.787363,38.000961
870,52,23.787363,38.000961
872,52,23.841077,38.131064
873,52,23.901146,38.015728
874,52,23.775541,38.004393
875,52,23.79262,38.021903
876,52,23.830835,38.118415
878,52,23.759941,38.090648
879,52,23.881729,37.990501
880,52,23.759775,38.090583
882,52,23.774368,38.092578
883,52,23.854589,38.003757
884,52,23.793556,38.020702
885,52,23.875761,37.993763
887,52,23.874556,37.992125
888,52,23.756706,38.06137
889,52,23.816234,38.102721
891,52,23.88134,37.990199
892,52,23.887975,37.922358
893,52,23.707496,38.015761
894,52,23.86903,38.005695
895,52,23.846344,37.966903
896,52,23.817866,38.101173
897,52,23.824907,38.112639
898,52,23.881277,37.990008
899,52,23.83402,38.070533
900,52,23.838554,38.05178
901,52,23.755675,38.019035
903,52,23.795859,38.123813
904,52,23.734928,38.104769
905,52,23.881361,37.990379
906,52,23.881308,37.990069
908,52,23.85672,38.008029
910,52,23.854553,38.008765
911,52,23.807556,38.046973
912,52,23.829676,38.118358
913,52,23.853771,38.193328
914,52,23.839489,38.131362
915,52,23.843658,38.011104
916,52,23.878435,37.989982
917,52,23.819996,38.108817
918,52,23.768633,38.108836
920,52,23.857454,38.007796
921,52,23.896044,37.947013
