863,521,23.839035,38.130442
862,521,23.794416,37.822326
864,521,23.858236,38.006267
865,521,23.88036,37.989085
866,521,23.764771,37.989669
867,521,23.766933,37.993415
869,521,23.840246,38.131865
870,521,23.87467,37.992172
870,521,23.87467,37.992172
872,521,23.820305,38.07862
873,521,23.855276,38.035083
874,521,23.855051,37.988395
876,521,23.833099,38.121036
878,521,23.76497,38.100116
879,521,23.859687,38.0236
880,521,23.606418,38.059356
882,521,23.792015,38.073218
883,521,23.881288,37.990207
884,521,23.807178,38.009685
885,521,23.803078,38.041553
887,521,23.906816,37.868698
888,521,23.800499,38.081984
889,521,23.87174,38.209663
891,521,23.867298,38.002929
892,521,23.858556,38.007389
893,521,23.833336,38.121226
894,521,23.812164,38.016906
895,521,23.800136,38.017615
896,521,23.850158,38.147315
897,521,23.758909,38.045054
898,521,23.849068,38.024894
899,521,23.757557,38.046573
900,521,23.836474,38.125221
901,521,23.863139,37.999561
903,521,23.768816,38.108416
904,521,23.768935,38.10707
905,521,23.860008,38.022152
906,521,23.790337,37.835045
908,521,23.916814,37.999026
910,521,23.734472,37.959155
912,521,23.829999,38.117195
913,521,23.825804,38.102679
914,521,23.813238,38.078113
915,521,23.779792,37.97692
916,521,23.907335,37.87043
917,521,23.83616,38.060638
918,521,23.767753,38.110896
920,521,23.858478,38.007194
921,521,23.85124,38.021884
