863,525,23.840614,38.131702
862,525,23.798357,37.816886
864,525,23.858406,38.006915
865,525,23.881418,37.990134
866,525,23.859777,38.022613
867,525,23.880414,37.989138
869,525,23.832365,38.1202
870,525,23.87093,37.990039
870,525,23.87093,37.990039
872,525,23.818825,38.086044
873,525,23.847305,38.04211
874,525,23.851031,37.988662
876,525,23.829359,38.116794
878,525,23.770592,38.100906
879,525,23.859197,38.030731
880,525,23.610388,38.062515
882,525,23.791245,38.071276
883,525,23.881489,37.992816
884,525,23.81605,38.012313
885,525,23.822706,38.040905
887,525,23.828171,38.052372
888,525,23.837622,38.058711
889,525,23.859291,38.204006
891,525,23.866897,37.997722
892,525,23.853927,38.008918
893,525,23.812576,38.102939
894,525,23.812513,38.016784
895,525,23.799829,37.822296
896,525,23.844688,38.140266
897,525,23.75791,38.046256
898,525,23.858188,38.006175
899,525,23.808474,38.060253
900,525,23.833154,38.139445
901,525,23.890253,37.934733
903,525,23.768596,38.108779
904,525,23.769754,38.106627
905,525,23.854838,38.007659
906,525,23.790516,37.835025
908,525,23.85755,38.002548
910,525,23.732573,37.958636
912,525,23.817328,38.087722
913,525,23.830673,38.118335
914,525,23.840963,38.130893
915,525,23.761671,37.986614
916,525,23.907305,37.87043
917,525,23.835781,38.059257
918,525,23.770269,38.10776
920,525,23.858509,38.007255
921,525,23.860331,38.020145
