863,526,23.841048,38.130981
862,526,23.799378,37.817336
864,526,23.858536,38.007426
865,526,23.761049,37.987323
866,526,23.728164,37.965747
867,526,23.8294,38.051909
869,526,23.828895,38.116691
870,526,23.882814,37.987674
870,526,23.882814,37.987674
872,526,23.841111,38.13095
873,526,23.844635,38.043571
874,526,23.883181,37.987632
876,526,23.75832,38.045672
878,526,23.772651,38.100394
879,526,23.881261,37.99002
880,526,23.610829,38.062736
882,526,23.808439,38.060382
883,526,23.808683,38.060077
884,526,23.881204,37.990023
885,526,23.808087,38.039672
887,526,23.786956,38.00111
888,526,23.854754,38.030032
889,526,23.859071,38.203906
891,526,23.871277,37.995662
892,526,23.879799,37.884818
893,526,23.717991,38.01036
894,526,23.812804,38.016674
895,526,23.799467,38.017505
896,526,23.832922,38.120734
897,526,23.75737,38.046726
898,526,23.848648,38.023723
899,526,23.754036,38.048312
900,526,23.819246,38.108043
901,526,23.862207,38.000183
903,526,23.758739,38.104198
904,526,23.769989,38.107653
905,526,23.804306,38.008491
906,526,23.880957,37.995318
908,526,23.987108,37.894275
910,526,23.881189,37.989864
912,526,23.88433,38.210788
913,526,23.809668,38.102313
914,526,23.812187,38.074878
915,526,23.761341,37.987045
916,526,23.909224,37.868892
917,526,23.829151,38.116241
918,526,23.76964,38.107662
920,526,23.869719,37.996135
921,526,23.86041,38.020355
