863,528,23.875054,38.10271
862,528,23.802046,37.818393
864,528,23.858387,38.007629
865,528,23.761289,37.986945
866,528,23.860258,38.019794
867,528,23.881783,37.992153
869,528,23.822537,38.110481
870,528,23.880483,37.988773
870,528,23.880483,37.988773
872,528,23.818504,38.086986
873,528,23.841635,38.045211
874,528,23.88121,37.988403
876,528,23.829038,38.116073
878,528,23.775951,38.100615
879,528,23.881252,37.99002
880,528,23.613438,38.063865
882,528,23.808567,38.060363
883,528,23.808653,38.060238
884,528,23.824389,38.013793
885,528,23.821247,38.040416
887,528,23.825491,38.052913
888,528,23.838491,38.056121
889,528,23.858322,38.203517
891,528,23.878267,37.990074
892,528,23.880419,37.887397
893,528,23.829124,38.115356
894,528,23.813023,38.016593
895,528,23.76944,37.998428
896,528,23.830233,38.118793
897,528,23.75531,38.047946
898,528,23.847258,38.021464
899,528,23.808674,38.060412
900,528,23.840677,38.131484
901,528,23.851333,37.979655
903,528,23.760759,38.109081
904,528,23.76998,38.107783
905,528,23.855227,38.006141
906,528,23.880166,37.998768
908,528,23.860331,38.000847
910,528,23.731872,37.958465
912,528,23.818487,38.088942
913,528,23.829464,38.116664
914,528,23.812377,38.073947
915,528,23.779872,37.97721
916,528,23.92173,37.873264
917,528,23.83575,38.059077
918,528,23.76877,38.107421
920,528,23.853331,38.029255
921,528,23.864071,38.018325
