863,533,23.885636,38.100589
862,533,23.822147,37.814143
864,533,23.853379,38.014545
865,533,23.762581,37.986144
866,533,23.808489,38.060485
867,533,23.881172,37.994353
869,533,23.816109,38.102622
870,533,23.876163,37.984233
870,533,23.876163,37.984233
872,533,23.841097,38.130954
873,533,23.838606,38.046081
874,533,23.85083,37.985472
876,533,23.761673,37.987052
878,533,23.774462,38.093078
879,533,23.855179,38.035156
880,533,23.617599,38.066165
882,533,23.789166,38.068317
883,533,23.884798,38.001876
884,533,23.793513,37.822284
885,533,23.809863,38.010886
887,533,23.787496,38.001021
888,533,23.801018,38.087935
889,533,23.852952,38.197265
891,533,23.881828,37.99052
892,533,23.844179,38.010615
893,533,23.827823,38.113654
894,533,23.815936,38.015281
895,533,23.76743,37.994499
896,533,23.824055,38.113761
897,533,23.75078,38.051441
898,533,23.858288,38.00658
899,533,23.817661,38.101234
900,533,23.785106,38.083889
901,533,23.887092,37.933471
903,533,23.76311,38.112307
904,533,23.769835,38.106345
905,533,23.804096,38.008441
906,533,23.791136,37.834968
908,533,23.937183,38.000716
910,533,23.761293,37.986689
912,533,23.835961,38.116442
913,533,23.825854,38.110458
914,533,23.809597,38.065731
915,533,23.780384,37.980044
916,533,23.909567,37.869228
917,533,23.832887,38.120883
918,533,23.768741,38.107574
920,533,23.792986,38.003837
921,533,23.871881,38.016513
