863,536,23.861433,38.10818
862,536,23.831437,37.814456
864,536,23.848269,38.020725
865,536,23.765591,37.986533
866,536,23.720726,37.960006
867,536,23.82345,38.05263
869,536,23.810479,38.098418
870,536,23.877033,37.983913
870,536,23.877033,37.983913
872,536,23.818005,38.087806
873,536,23.833236,38.042079
874,536,23.881208,37.99005
876,536,23.761432,37.986773
878,536,23.784071,38.090881
879,536,23.909799,37.868797
880,536,23.621658,38.067657
882,536,23.789286,38.067046
883,536,23.890297,38.004436
884,536,23.881365,37.990119
885,536,23.811193,38.011145
887,536,23.788585,38.001403
888,536,23.856012,38.031573
889,536,23.854162,38.185195
891,536,23.881887,37.990581
892,536,23.884951,37.898418
893,536,23.720452,38.01662
894,536,23.817125,38.014709
895,536,23.797058,38.017558
896,536,23.83983,38.131946
897,536,23.75242,38.05366
898,536,23.853336,38.014606
899,536,23.816231,38.102123
900,536,23.814926,38.105552
901,536,23.796058,38.017879
903,536,23.76434,38.111858
904,536,23.768611,38.10868
905,536,23.856146,38.00344
906,536,23.791367,37.834956
908,536,23.941664,38.002185
910,536,23.762323,37.986201
912,536,23.83675,38.115592
913,536,23.827673,38.113117
914,536,23.808528,38.059058
915,536,23.780834,37.982455
916,536,23.927249,37.876883
917,536,23.836108,38.124603
918,536,23.767224,38.109577
920,536,23.850262,38.026313
921,536,23.872124,38.007422
