863,538,23.876806,38.102268
862,538,23.834016,37.820697
864,538,23.847478,38.021747
865,538,23.76906,37.989184
866,538,23.76275,37.987708
867,538,23.880453,37.996955
869,538,23.809259,38.094249
870,538,23.877563,37.984615
870,538,23.877563,37.984615
872,538,23.817866,38.087874
873,538,23.830946,38.040381
874,538,23.84964,37.982581
876,538,23.76037,38.041603
878,538,23.789741,38.09156
879,538,23.909969,37.868624
880,538,23.62014,38.068248
882,538,23.801023,38.058174
883,538,23.900896,38.002982
884,538,23.798652,37.822207
885,538,23.810956,38.044383
887,538,23.82604,38.056853
888,538,23.838541,38.05173
889,538,23.853083,38.182407
891,538,23.881317,37.99015
892,538,23.888691,37.899516
893,538,23.826093,38.111335
894,538,23.818325,38.014339
895,538,23.765939,37.991428
896,538,23.8409,38.131243
897,538,23.754141,38.056343
898,538,23.854637,38.011775
899,538,23.751915,38.050525
900,538,23.732563,38.103866
901,538,23.849324,37.979655
903,538,23.769426,38.109057
904,538,23.768593,38.10884
905,538,23.881319,37.9901
906,538,23.787691,38.013145
908,538,24.002687,37.887694
910,538,23.762924,37.986133
912,538,23.881831,38.215297
913,538,23.802677,38.09946
914,538,23.811548,38.054709
915,538,23.783193,37.983955
916,538,23.928931,37.877524
917,538,23.825979,38.1095
918,538,23.768493,38.108825
920,538,23.856187,38.008434
921,538,23.871813,38.005561
