863,54,23.841099,38.130897
862,54,23.83081,38.023769
864,54,23.877728,37.990478
865,54,23.981013,38.019409
866,54,23.853428,38.007381
867,54,23.849196,37.992633
869,54,23.8407,38.131458
870,54,23.782722,38.0032
870,54,23.782722,38.0032
872,54,23.840748,38.131267
873,54,23.901898,38.015789
874,54,23.775661,38.004665
875,54,23.79323,38.021182
876,54,23.715522,38.071693
878,54,23.757611,38.090457
879,54,23.881408,37.990104
880,54,23.759404,38.090423
882,54,23.772678,38.092658
883,54,23.858429,38.002128
884,54,23.795506,38.018161
885,54,23.881384,38.003738
887,54,23.873246,37.990467
888,54,23.841035,38.130927
889,54,23.853836,38.193026
891,54,23.881109,37.989818
892,54,23.931414,37.84106
893,54,23.721275,38.017395
894,54,23.86104,38.007282
895,54,23.879196,37.989493
896,54,23.819025,38.100772
897,54,23.828827,38.116549
898,54,23.857968,38.008975
899,54,23.837662,38.069713
900,54,23.840866,38.13132
901,54,23.755714,38.019015
903,54,23.799869,38.116645
904,54,23.736097,38.103629
905,54,23.873755,37.991066
906,54,23.881294,37.990096
908,54,23.851671,38.009307
910,54,23.880236,37.989017
911,54,23.804716,38.04386
912,54,23.827965,38.116427
913,54,23.853102,38.197479
914,54,23.84086,38.131202
915,54,23.844468,38.010395
916,54,23.886005,37.98616
917,54,23.825916,38.114486
918,54,23.739042,38.102336
920,54,23.858954,38.007495
921,54,23.892663,37.939941
