863,544,23.867346,38.105567
862,544,23.861077,37.82854
864,544,23.849352,38.024878
865,544,23.77867,37.995155
866,544,23.718185,37.958144
867,544,23.880203,37.999607
869,544,23.807121,38.08005
870,544,23.879423,37.985484
870,544,23.879423,37.985484
872,544,23.817107,38.088145
873,544,23.823286,38.041163
874,544,23.847841,37.9808
876,544,23.76297,38.039203
878,544,23.807241,38.101394
879,544,23.90793,37.868659
880,544,23.574153,38.047946
882,544,23.767789,38.108928
883,544,23.761249,37.987273
884,544,23.835899,38.012649
885,544,23.813007,38.043742
887,544,23.82617,38.05738
888,544,23.856662,38.032424
889,544,23.856382,38.162887
891,544,23.880235,37.997852
892,544,23.894711,37.903228
893,544,23.815145,38.103969
894,544,23.820045,38.013728
895,544,23.794321,37.822135
896,544,23.798485,38.097766
897,544,23.75794,38.063244
898,544,23.855328,38.009364
899,544,23.819771,38.107772
900,544,23.781237,38.078948
901,544,23.858238,38.006301
903,544,23.769817,38.109107
904,544,23.768633,38.107188
905,544,23.803627,38.008261
906,544,23.792412,38.015777
908,544,24.009247,37.884452
910,544,23.768925,37.989192
912,544,23.880829,38.217223
913,544,23.796356,38.09701
914,544,23.803367,38.041469
915,544,23.793411,37.984904
916,544,23.931709,37.874335
917,544,23.826118,38.1053
918,544,23.768037,38.108745
920,544,23.85798,38.002414
921,544,23.879753,38.003787
