863,546,23.862766,38.107486
862,546,23.869808,37.837951
864,546,23.849152,38.02647
865,546,23.778679,37.995155
866,546,23.762001,37.987201
867,546,23.79604,38.01794
869,546,23.810692,38.079513
870,546,23.877674,37.98484
870,546,23.877674,37.98484
872,546,23.815946,38.088477
873,546,23.819986,38.040473
874,546,23.847832,37.98014
876,546,23.825899,38.10308
878,546,23.814102,38.105315
879,546,23.907011,37.868621
880,546,23.582443,38.043987
882,546,23.792295,38.062396
883,546,23.932737,37.998885
884,546,23.836429,38.012477
885,546,23.816927,38.04132
887,546,23.878316,38.003783
888,546,23.810577,38.102531
889,546,23.855772,38.157714
891,546,23.880745,38.002361
892,546,23.894421,37.904738
893,546,23.723331,38.018901
894,546,23.821606,38.01366
895,546,23.869685,37.996143
896,546,23.840984,38.130855
897,546,23.758011,38.063384
898,546,23.857346,38.007865
899,546,23.752164,38.053184
900,546,23.828035,38.138507
901,546,23.847985,37.979618
903,546,23.766159,38.107745
904,546,23.769093,38.106777
905,546,23.881302,37.990039
906,546,23.884426,38.001662
908,546,23.880083,37.98899
910,546,23.771044,37.990753
912,546,23.824417,38.097805
913,546,23.826141,38.105068
914,546,23.805196,38.041037
915,546,23.794811,37.985305
916,546,23.933079,37.877547
917,546,23.838611,38.051826
918,546,23.767886,38.107787
920,546,23.848202,38.026905
921,546,23.880534,38.002029
