863,547,23.850744,38.114192
862,547,23.871368,37.842681
864,547,23.847342,38.027221
865,547,23.892381,38.004508
866,547,23.858037,38.008895
867,547,23.891695,37.98265
869,547,23.812172,38.079333
870,547,23.881504,37.985553
870,547,23.881504,37.985553
872,547,23.751896,38.096793
873,547,23.819477,38.040473
874,547,23.812218,38.039531
876,547,23.76424,38.038402
878,547,23.816643,38.105815
879,547,23.839489,38.046714
880,547,23.584302,38.043167
882,547,23.76732,38.109439
883,547,23.937218,38.000735
884,547,23.800633,37.82587
885,547,23.815613,38.012199
887,547,23.800346,38.007003
888,547,23.839362,38.051131
889,547,23.855742,38.157073
891,547,23.880794,38.003032
892,547,23.84437,38.016093
893,547,23.825894,38.107055
894,547,23.824425,38.01379
895,547,23.76411,37.988971
896,547,23.791925,38.092796
897,547,23.833695,38.121539
898,547,23.856805,38.008087
899,547,23.845518,38.142104
900,547,23.814765,38.10443
901,547,23.882523,37.932311
903,547,23.765221,38.112807
904,547,23.769093,38.106807
905,547,23.863476,37.999389
906,547,23.793641,38.016368
908,547,24.012177,37.883071
910,547,23.72853,37.959972
912,547,23.880219,38.218956
913,547,23.793868,38.09542
914,547,23.807577,38.039889
915,547,23.76148,37.987175
916,547,23.933048,37.879569
917,547,23.825968,38.103771
918,547,23.768568,38.107718
920,547,23.791174,38.004268
921,547,23.880123,37.999419
