863,548,23.858816,38.109977
862,548,23.873409,37.846919
864,548,23.844442,38.028922
865,548,23.78039,37.996147
866,548,23.717815,37.957774
867,548,23.815399,38.052921
869,548,23.813602,38.079112
870,548,23.862358,37.999804
870,548,23.862358,37.999804
872,548,23.812995,38.088268
873,548,23.819468,38.039245
874,548,23.847831,37.980101
876,548,23.758402,37.989196
878,548,23.819393,38.108264
879,548,23.906791,37.868553
880,548,23.585432,38.046218
882,548,23.801365,38.054973
883,548,23.941368,38.002105
884,548,23.838009,38.011737
885,548,23.809467,38.044902
887,548,23.879577,38.003765
888,548,23.856662,38.034095
889,548,23.855742,38.157061
891,548,23.880813,38.003162
892,548,23.89454,37.909339
893,548,23.815127,38.104061
894,548,23.828736,38.013889
895,548,23.905543,37.963992
896,548,23.841154,38.130854
897,548,23.758982,38.064613
898,548,23.880926,37.989646
899,548,23.823391,38.111213
900,548,23.845425,38.139102
901,548,23.861948,38.006442
903,548,23.765989,38.106994
904,548,23.769526,38.10773
905,548,23.803276,38.00812
906,548,23.791798,37.834937
908,548,23.959072,38.007304
910,548,23.775673,37.992942
912,548,23.84029,38.111819
913,548,23.836174,38.124347
914,548,23.808138,38.039638
915,548,23.796651,37.986625
916,548,23.930868,37.88063
917,548,23.840928,38.131152
918,548,23.768648,38.106898
920,548,23.855957,38.010455
921,548,23.880733,37.996211
