863,549,23.847673,38.11381
862,549,23.873619,37.852279
864,549,23.843523,38.027633
865,549,23.892202,38.004538
866,549,23.808277,38.060302
867,549,23.766184,37.992008
869,549,23.812862,38.078014
870,549,23.878405,37.985611
870,549,23.878405,37.985611
872,549,23.750576,38.095744
873,549,23.819547,38.037986
874,549,23.816069,38.038092
876,549,23.82551,38.100699
878,549,23.822212,38.111003
879,549,23.839878,38.047916
880,549,23.586653,38.05093
882,549,23.791814,38.060958
883,549,23.945707,38.003475
884,549,23.800712,37.82632
885,549,23.881486,37.990287
887,549,23.803627,38.008094
888,549,23.808817,38.095717
889,549,23.855782,38.156291
891,549,23.880813,38.003193
892,549,23.84518,38.017604
893,549,23.724732,38.020862
894,549,23.832926,38.013347
895,549,23.7935,37.823017
896,549,23.791295,38.091964
897,549,23.830354,38.118117
898,549,23.856136,38.008327
899,549,23.811132,38.070361
900,549,23.840411,38.13172
901,549,23.858238,38.006312
903,549,23.765051,38.112819
904,549,23.769495,38.107662
905,549,23.844538,38.028892
906,549,23.884676,38.002192
908,549,23.880833,37.989559
910,549,23.728351,37.960082
912,549,23.824457,38.097915
913,549,23.825871,38.102748
914,549,23.808138,38.039638
915,549,23.76141,37.986995
916,549,23.928438,37.88164
917,549,23.839472,38.050807
918,549,23.768688,38.10744
920,549,23.857821,38.004184
921,549,23.881665,37.99282
