863,553,23.842024,38.110664
862,553,23.86949,37.869201
864,553,23.836655,38.028868
865,553,23.890522,38.004558
866,553,23.761381,37.987441
867,553,23.895765,37.979961
869,553,23.81192,38.072856
870,553,23.883015,37.987552
870,553,23.883015,37.987552
872,553,23.747785,38.097644
873,553,23.819479,38.039283
874,553,23.820957,38.034511
876,553,23.76325,38.037242
878,553,23.830253,38.118839
879,553,23.839689,38.050296
880,553,23.595965,38.05535
882,553,23.76758,38.110492
883,553,23.963789,38.007857
884,553,23.802303,37.830913
885,553,23.820418,38.040343
887,553,23.806665,38.009445
888,553,23.809326,38.095897
889,553,23.853073,38.150249
891,553,23.880032,38.003665
892,553,23.89151,37.919219
893,553,23.725281,38.022212
894,553,23.851156,38.009345
895,553,23.7955,38.017558
896,553,23.786636,38.085936
897,553,23.824425,38.112308
898,553,23.855378,38.009456
899,553,23.811943,38.07257
900,553,23.836605,38.125518
901,553,23.861948,38.006923
903,553,23.765509,38.107947
904,553,23.767965,38.108859
905,553,23.803156,38.008082
906,553,23.795381,38.017528
908,553,24.014646,37.879722
910,553,23.727922,37.960391
912,553,23.839835,38.136852
913,553,23.790417,38.097671
914,553,23.809478,38.044757
915,553,23.88201,37.990596
916,553,23.929518,37.887607
917,553,23.839182,38.046779
918,553,23.769028,38.106788
920,553,23.790684,38.004737
921,553,23.880613,37.98933
