863,554,23.841003,38.131172
862,554,23.872039,37.872993
864,554,23.834944,38.026828
865,554,23.789061,38.00164
866,554,23.857807,38.008464
867,554,23.81214,38.053981
869,554,23.810989,38.069747
870,554,23.857927,38.003372
870,554,23.857927,38.003372
872,554,23.809326,38.094039
873,554,23.819618,38.040522
874,554,23.820988,38.034499
876,554,23.761692,37.992679
878,554,23.831734,38.11985
879,554,23.83968,38.050414
880,554,23.597824,38.056601
882,554,23.801035,38.055023
883,554,23.968538,38.010189
884,554,23.84145,38.010765
885,554,23.817813,38.012771
887,554,23.880358,37.999893
888,554,23.798267,38.097701
889,554,23.850223,38.14738
891,554,23.878132,38.003714
892,554,23.84593,38.019004
893,554,23.825712,38.102203
894,554,23.855057,38.008464
895,554,23.864313,37.999084
896,554,23.783596,38.081965
897,554,23.768341,38.071853
898,554,23.857136,38.009544
899,554,23.756005,38.058944
900,554,23.836326,38.124954
901,554,23.858258,38.006362
903,554,23.765679,38.107929
904,554,23.767926,38.108718
905,554,23.843348,38.027351
906,554,23.792507,37.834857
908,554,23.967531,38.009594
910,554,23.786753,38.000575
912,554,23.841169,38.110408
913,554,23.839724,38.131664
914,554,23.81173,38.044147
915,554,23.7617,37.986415
916,554,23.930597,37.888007
917,554,23.827298,38.101379
918,554,23.768238,38.10887
920,554,23.854187,38.012855
921,554,23.879494,37.989528
