863,563,23.836984,38.115642
862,563,23.881717,37.898788
864,563,23.832914,38.024829
865,563,23.88501,38.003707
866,563,23.861677,38.007034
867,563,23.830946,38.013877
869,563,23.80711,38.046161
870,563,23.858345,38.006522
870,563,23.858345,38.006522
872,563,23.840951,38.131221
873,563,23.830154,38.040401
874,563,23.881189,37.989859
876,563,23.76782,37.995162
878,563,23.770346,38.10815
879,563,23.834729,38.051082
880,563,23.613365,38.06388
882,563,23.781597,38.073589
883,563,23.805443,38.04465
884,563,23.880796,37.989566
885,563,23.806337,38.045456
887,563,23.822004,38.013595
888,563,23.841461,38.046783
889,563,23.838063,38.129539
891,563,23.878602,38.00645
892,563,23.84647,38.020336
893,563,23.824772,38.098785
894,563,23.858989,38.001853
895,563,23.900561,37.958171
896,563,23.791056,38.091228
897,563,23.786708,38.084605
898,563,23.852735,38.016002
899,563,23.837379,38.127051
900,563,23.833376,38.121318
901,563,23.784256,38.010695
903,563,23.765269,38.107391
904,563,23.767876,38.108634
905,563,23.811272,38.039626
906,563,23.792727,37.834807
908,563,23.976711,38.014121
910,563,23.907846,37.870536
912,563,23.817477,38.101226
913,563,23.841034,38.131083
914,563,23.840803,38.131335
915,563,23.809031,37.995124
916,563,23.908285,37.868736
917,563,23.838303,38.043388
918,563,23.768022,38.108878
920,563,23.842541,38.027393
921,563,23.858141,38.002383
