863,564,23.841194,38.130889
862,564,23.884327,37.898697
864,564,23.832804,38.024841
865,564,23.802612,38.007812
866,564,23.715835,37.957004
867,564,23.793959,38.016558
869,564,23.80447,38.043651
870,564,23.881744,37.988101
870,564,23.881744,37.988101
872,564,23.737806,38.102348
873,564,23.830195,38.040229
874,564,23.830547,38.026595
876,564,23.82217,38.092857
878,564,23.770176,38.107669
879,564,23.834777,38.051131
880,564,23.584366,38.04298
882,564,23.794134,38.059295
883,564,23.803613,38.042881
884,564,23.854181,38.005267
885,564,23.881746,37.990367
887,564,23.881897,37.990477
888,564,23.844113,38.043888
889,564,23.835713,38.12466
891,564,23.878252,38.00598
892,564,23.901668,38.013897
893,564,23.707445,38.015815
894,564,23.86268,37.999733
895,564,23.789919,38.014709
896,564,23.791626,38.091609
897,564,23.789431,38.089221
898,564,23.872196,37.989776
899,564,23.812332,38.074458
900,564,23.832357,38.120212
901,564,23.885752,37.92253
903,564,23.768539,38.107692
904,564,23.767835,38.108413
905,564,23.838587,38.02909
906,564,23.889569,38.009273
908,564,24.012677,37.879642
910,564,23.793001,38.003456
912,564,23.874638,38.225215
913,564,23.822229,38.092864
914,564,23.840803,38.131373
915,564,23.767111,37.988357
916,564,23.942058,37.887546
917,564,23.823557,38.0951
918,564,23.767892,38.108809
920,564,23.790202,38.005046
921,564,23.857921,38.003673
