863,565,23.841019,38.131153
862,565,23.884697,37.898696
864,565,23.832773,38.024852
865,565,23.88492,38.003727
866,565,23.866118,38.006133
867,565,23.904014,37.974098
869,565,23.80359,38.042872
870,565,23.880363,37.989013
870,565,23.880363,37.989013
872,565,23.814856,38.102092
873,565,23.830385,38.040038
874,565,23.830858,38.026344
876,565,23.761341,38.038341
878,565,23.769945,38.107688
879,565,23.835077,38.05115
880,565,23.616445,38.065841
882,565,23.765432,38.111305
883,565,23.803664,38.041442
884,565,23.802674,37.832305
885,565,23.829117,38.043785
887,565,23.826223,38.013805
888,565,23.810085,38.097144
889,565,23.831793,38.1202
891,565,23.878182,38.00592
892,565,23.881971,37.932753
893,565,23.72777,38.028373
894,565,23.86714,37.997631
895,565,23.857864,38.003833
896,565,23.794195,38.091788
897,565,23.816437,38.102836
898,565,23.857757,38.008354
899,565,23.759243,38.064922
900,565,23.769346,38.072596
901,565,23.870009,38.005432
903,565,23.765858,38.106903
904,565,23.767826,38.108184
905,565,23.873384,37.993873
906,565,23.806672,38.018798
908,565,23.97693,38.014282
910,565,23.726403,37.961562
912,565,23.840023,38.13407
913,565,23.788156,38.098281
914,565,23.839983,38.131915
915,565,23.811201,37.996875
916,565,23.906944,37.868495
917,565,23.839293,38.042579
918,565,23.768083,38.108779
920,565,23.850828,38.020305
921,565,23.858341,38.006541
