863,566,23.840838,38.111544
862,566,23.885327,37.900058
864,566,23.832764,38.024962
865,566,23.807071,38.0097
866,566,23.867828,38.004325
867,566,23.811639,38.054103
869,566,23.80299,38.042621
870,566,23.858415,38.006763
870,566,23.858415,38.006763
872,566,23.840742,38.13148
873,566,23.832396,38.041488
874,566,23.831098,38.026225
876,566,23.77004,37.99877
878,566,23.769615,38.10765
879,566,23.835087,38.0512
880,566,23.584366,38.04298
882,566,23.795975,38.059794
883,566,23.805713,38.040832
884,566,23.880267,37.988986
885,566,23.829582,38.013824
887,566,23.829433,38.013835
888,566,23.787928,38.087524
889,566,23.827954,38.116279
891,566,23.878171,38.00603
892,566,23.847,38.021026
893,566,23.823962,38.096076
894,566,23.871389,37.99567
895,566,23.90041,37.956019
896,566,23.796635,38.091246
897,566,23.79051,38.090633
898,566,23.851036,38.019771
899,566,23.844768,38.138267
900,566,23.830342,38.063312
901,566,23.783606,38.010226
903,566,23.767889,38.108142
904,566,23.767845,38.107845
905,566,23.802866,38.007965
906,566,23.892449,38.010765
908,566,23.976872,38.014392
910,566,23.907846,37.870547
912,566,23.844308,38.111857
913,566,23.821859,38.092243
914,566,23.840384,38.133117
915,566,23.770531,37.990466
916,566,23.944149,37.889064
917,566,23.822156,38.092738
918,566,23.768423,38.10876
920,566,23.857851,38.004585
921,566,23.857722,38.00777
