863,568,23.841154,38.130927
862,568,23.882495,37.90457
864,568,23.833205,38.02492
865,568,23.814861,38.012069
866,568,23.865678,37.999133
867,568,23.874433,38.004436
869,568,23.807649,38.039901
870,568,23.880363,37.989024
870,568,23.880363,37.989024
872,568,23.815536,38.102314
873,568,23.837224,38.044998
874,568,23.832897,38.024795
876,568,23.77297,38.001583
878,568,23.768745,38.107421
879,568,23.881207,37.98989
880,568,23.584316,38.042289
882,568,23.840788,38.131488
883,568,23.76128,37.987273
884,568,23.802713,37.832336
885,568,23.882146,37.990688
887,568,23.831462,38.013595
888,568,23.842163,38.044879
889,568,23.820914,38.109439
891,568,23.878471,38.006038
892,568,23.877962,37.936565
893,568,23.728291,38.029532
894,568,23.87946,37.989348
895,568,23.858305,38.006461
896,568,23.798794,38.088557
897,568,23.791229,38.091571
898,568,23.857478,38.007964
899,568,23.812363,38.07653
900,568,23.811497,38.102912
901,568,23.871427,38.00516
903,568,23.76813,38.108752
904,568,23.767875,38.108481
905,568,23.838167,38.029289
906,568,23.894369,38.010784
908,568,23.976471,38.013931
910,568,23.880977,37.989597
912,568,23.874388,38.226985
913,568,23.821619,38.091834
914,568,23.844253,38.138198
915,568,23.775551,37.992926
916,568,23.906925,37.868655
917,568,23.821978,38.092429
918,568,23.768747,38.10688
920,568,23.839571,38.028644
921,568,23.852031,38.009277
