863,57,23.829464,38.116717
862,57,23.823981,38.022419
864,57,23.871268,37.990321
865,57,23.970922,38.010696
866,57,23.876483,38.003955
867,57,23.845387,37.996757
869,57,23.838521,38.129378
870,57,23.777511,38.001171
870,57,23.777511,38.001171
872,57,23.810012,38.096602
873,57,23.901058,38.015857
874,57,23.77676,38.001384
875,57,23.768285,38.036288
876,57,23.838804,38.130042
878,57,23.840522,38.131842
879,57,23.966875,38.202697
880,57,23.752986,38.093845
882,57,23.841728,38.1357
883,57,23.867239,37.997527
884,57,23.806766,38.018775
885,57,23.881111,37.98983
887,57,23.896852,37.979281
888,57,23.840896,38.13092
889,57,23.852816,38.195277
891,57,23.881804,37.990451
892,57,23.930594,37.864509
893,57,23.722586,38.018306
894,57,23.86072,38.00732
895,57,23.863607,37.975765
896,57,23.835617,38.116973
897,57,23.836497,38.125129
898,57,23.857427,38.008075
899,57,23.841692,38.067813
900,57,23.839966,38.13214
901,57,23.781906,38.028297
903,57,23.805639,38.106338
904,57,23.739267,38.10237
905,57,23.858635,38.00743
906,57,23.879665,37.989306
908,57,23.84699,38.010104
910,57,23.844263,38.010589
911,57,23.804615,38.041259
912,57,23.840522,38.131793
913,57,23.80944,38.094722
914,57,23.841036,38.131228
915,57,23.854859,38.007965
916,57,23.897276,37.979018
917,57,23.833178,38.121108
918,57,23.746964,38.098151
920,57,23.877476,37.990585
921,57,23.887085,37.933521
