863,571,23.832624,38.118183
862,571,23.889658,37.910109
864,571,23.837334,38.028133
865,571,23.816533,38.012496
866,571,23.870087,37.996013
867,571,23.905464,37.971019
869,571,23.809309,38.044684
870,571,23.858554,38.007163
870,571,23.858554,38.007163
872,571,23.817325,38.104732
873,571,23.840534,38.045726
874,571,23.837257,38.029724
876,571,23.819891,38.090187
878,571,23.768856,38.108947
879,571,23.881242,37.98981
880,571,23.618345,38.068358
882,571,23.840257,38.131858
883,571,23.76128,37.987236
884,571,23.876856,37.991046
885,571,23.882116,37.991008
887,571,23.833883,38.013072
888,571,23.839662,38.046557
889,571,23.808492,38.101715
891,571,23.878261,38.006709
892,571,23.873792,37.940566
893,571,23.728941,38.030642
894,571,23.881901,37.990924
895,571,23.858524,38.007141
896,571,23.800333,38.086727
897,571,23.816047,38.102626
898,571,23.857467,38.007933
899,571,23.840528,38.13182
900,571,23.836953,38.04486
901,571,23.873297,38.00481
903,571,23.767916,38.108589
904,571,23.768606,38.108791
905,571,23.838157,38.029289
906,571,23.89423,38.010772
908,571,23.881933,37.991565
910,571,23.880447,37.989085
912,571,23.816255,38.102027
913,571,23.841074,38.130912
914,571,23.844642,38.141067
915,571,23.81735,37.999362
916,571,23.906866,37.868655
917,571,23.836931,38.042648
918,571,23.768198,38.108722
920,571,23.857851,38.004775
921,571,23.843391,38.010825
