863,574,23.841006,38.130943
862,574,23.894638,37.912452
864,574,23.846092,38.025386
865,574,23.822533,38.013706
866,574,23.880197,37.989013
867,574,23.875192,38.005027
869,574,23.813808,38.043312
870,574,23.858505,38.007182
870,574,23.858505,38.007182
872,574,23.841016,38.131206
873,574,23.847312,38.041946
874,574,23.840159,38.034106
876,574,23.776779,38.006423
878,574,23.767826,38.108889
879,574,23.880726,37.989509
880,574,23.577177,38.04444
882,574,23.839367,38.13108
883,574,23.809193,38.043742
884,574,23.873597,37.993648
885,574,23.881687,37.992556
887,574,23.862146,38.01152
888,574,23.84457,38.046451
889,574,23.794973,38.096141
891,574,23.876871,38.005634
892,574,23.869321,37.944007
893,574,23.841026,38.131126
894,574,23.881379,37.991645
895,574,23.857824,38.007701
896,574,23.802603,38.085006
897,574,23.80603,38.100474
898,574,23.847885,38.020782
899,574,23.840147,38.131858
900,574,23.829396,38.117289
901,574,23.874176,38.004531
903,574,23.768366,38.10876
904,574,23.768733,38.10723
905,574,23.880214,37.988952
906,574,23.89394,38.010783
908,574,23.881403,37.993521
910,574,23.879618,37.989284
912,574,23.850559,38.114078
913,574,23.820568,38.090766
914,574,23.84679,38.142588
915,574,23.781881,37.997077
916,574,23.95365,37.894191
917,574,23.82145,38.091651
918,574,23.768617,38.108649
920,574,23.789433,38.005718
921,574,23.842861,38.013415
