863,576,23.829325,38.11687
862,576,23.894788,37.911781
864,576,23.848593,38.023807
865,576,23.830383,38.013854
866,576,23.881298,37.990054
867,576,23.788578,38.013801
869,576,23.815828,38.04143
870,576,23.881184,37.990023
870,576,23.881184,37.990023
872,576,23.839291,38.130969
873,576,23.851722,38.038116
874,576,23.841469,38.034137
876,576,23.77903,38.008785
878,576,23.767876,38.109069
879,576,23.835516,38.050818
880,576,23.573066,38.046001
882,576,23.763393,38.111816
883,576,23.810043,38.044673
884,576,23.867121,37.99763
885,576,23.836172,38.012603
887,576,23.862535,38.011558
888,576,23.811106,38.099273
889,576,23.790724,38.09122
891,576,23.87447,38.004561
892,576,23.89358,38.010886
893,576,23.821072,38.091373
894,576,23.88195,37.990905
895,576,23.785059,38.011203
896,576,23.804333,38.084235
897,576,23.816269,38.101573
898,576,23.857258,38.007102
899,576,23.814783,38.081782
900,576,23.763996,38.070468
901,576,23.783215,38.00996
903,576,23.76859,38.108863
904,576,23.768631,38.108676
905,576,23.837597,38.02954
906,576,23.793476,37.83475
908,576,23.784893,38.009326
910,576,23.877536,37.990615
912,576,23.870878,38.231514
913,576,23.819708,38.089946
914,576,23.762629,38.041885
915,576,23.78284,37.997817
916,576,23.958269,37.894523
917,576,23.821159,38.091392
918,576,23.768827,38.108642
920,576,23.857891,38.005107
921,576,23.842161,38.013526
