863,578,23.833599,38.118206
862,578,23.89395,37.91508
864,578,23.845512,38.018417
865,578,23.832563,38.013404
866,578,23.761542,37.987059
867,578,23.812071,38.055992
869,578,23.815428,38.041503
870,578,23.881255,37.990013
870,578,23.881255,37.990013
872,578,23.841007,38.131206
873,578,23.857053,38.033435
874,578,23.842989,38.033038
876,578,23.77947,38.009246
878,578,23.768715,38.10868
879,578,23.835496,38.050678
880,578,23.569677,38.046569
882,578,23.802705,38.056281
883,578,23.814293,38.043033
884,578,23.87125,37.9957
885,578,23.830688,38.040194
887,578,23.862356,38.011386
888,578,23.84507,38.046592
889,578,23.785923,38.085033
891,578,23.878259,38.003833
892,578,23.980092,38.018329
893,578,23.840986,38.131126
894,578,23.881281,37.989917
895,578,23.895618,37.94601
896,578,23.805563,38.083755
897,578,23.81831,38.101032
898,578,23.863787,37.985358
899,578,23.840788,38.131427
900,578,23.823265,38.138267
901,578,23.874845,38.004832
903,578,23.768519,38.10881
904,578,23.768641,38.108817
905,578,23.881334,37.989993
906,578,23.820541,38.021816
908,578,23.784903,38.009296
910,578,23.875197,37.992164
912,578,23.852749,38.112906
913,578,23.817648,38.088126
914,578,23.81547,38.041496
915,578,23.784922,37.999549
916,578,23.962469,37.895514
917,578,23.81974,38.089942
918,578,23.768778,38.107482
920,578,23.761306,37.987319
