863,580,23.841095,38.130893
862,580,23.8857,37.92258
864,580,23.849762,38.01765
865,580,23.834342,38.013034
866,580,23.761431,37.98685
867,580,23.876503,38.005626
869,580,23.815258,38.041614
870,580,23.855595,38.00843
870,580,23.855595,38.00843
872,580,23.83774,38.127799
873,580,23.859125,38.030505
874,580,23.844488,38.032348
876,580,23.779911,38.009696
878,580,23.768705,38.10778
879,580,23.835438,38.050468
880,580,23.570627,38.04895
882,580,23.835228,38.123027
883,580,23.817342,38.041023
884,580,23.865746,37.99834
885,580,23.880367,37.997299
887,580,23.907187,37.868629
888,580,23.812796,38.101154
889,580,23.780061,38.077853
891,580,23.880739,38.003661
892,580,23.89089,38.009997
893,580,23.820391,38.090843
894,580,23.839933,38.049453
895,580,23.852484,38.009162
896,580,23.806413,38.083014
897,580,23.81886,38.100082
898,580,23.847595,38.021789
899,580,23.816442,38.084743
900,580,23.853025,38.139491
901,580,23.783195,38.009929
903,580,23.7651,38.111949
904,580,23.76865,38.108817
905,580,23.869957,37.990848
906,580,23.89361,38.010833
908,580,23.784903,38.009284
910,580,23.725022,37.962451
912,580,23.869629,38.234565
913,580,23.818308,38.087558
914,580,23.81547,38.041484
915,580,23.788832,38.00151
916,580,23.96748,37.894534
917,580,23.818071,38.088561
918,580,23.769878,38.106944
920,580,23.789013,38.006076
