863,583,23.829499,38.117095
862,583,23.88403,37.930778
864,583,23.856762,38.00996
865,583,23.846375,38.010215
866,583,23.761921,37.986259
867,583,23.905502,37.970698
869,583,23.81564,38.041423
870,583,23.848625,38.00983
870,583,23.848625,38.00983
872,583,23.83542,38.123279
873,583,23.859655,38.025035
874,583,23.872299,37.989791
876,583,23.816342,38.084468
878,583,23.768535,38.108875
879,583,23.876186,37.994411
880,583,23.572287,38.048659
882,583,23.831478,38.119186
883,583,23.761972,37.986328
884,583,23.861836,38.000018
885,583,23.880157,37.999388
887,583,23.839313,38.011161
888,583,23.839483,38.051261
889,583,23.761409,38.069373
891,583,23.88069,37.996211
892,583,23.848242,38.022815
893,583,23.815386,38.105491
894,583,23.839964,38.046222
895,583,23.847881,37.97969
896,583,23.871557,38.10435
897,583,23.823691,38.113895
898,583,23.847875,38.02219
899,583,23.840948,38.131198
900,583,23.837515,38.04404
901,583,23.894811,37.903671
903,583,23.762939,38.112411
904,583,23.768173,38.108692
905,583,23.802526,38.007823
906,583,23.826792,38.021193
908,583,23.881096,38.002391
910,583,23.72467,37.962752
912,583,23.821106,38.109008
913,583,23.820277,38.078887
914,583,23.81562,38.041453
915,583,23.82312,38.004615
916,583,23.977989,37.893608
917,583,23.840679,38.131687
918,583,23.769678,38.107085
920,583,23.881092,37.994651
