863,587,23.840979,38.131233
862,587,23.869859,37.943656
864,587,23.857462,38.007907
865,587,23.855705,38.005462
866,587,23.808548,38.059527
867,587,23.828367,38.013999
869,587,23.815189,38.041594
870,587,23.881124,37.990337
870,587,23.881124,37.990337
872,587,23.733046,38.103885
873,587,23.861904,38.021835
874,587,23.870958,37.992061
876,587,23.81538,38.082797
878,587,23.768324,38.108615
879,587,23.880423,37.98891
880,587,23.572906,38.048072
882,587,23.829628,38.118286
883,587,23.764751,37.985846
884,587,23.88118,37.98991
885,587,23.880617,38.001419
887,587,23.841112,38.010791
888,587,23.839133,38.05152
889,587,23.743811,38.051162
891,587,23.881859,37.990493
892,587,23.848341,38.023037
893,587,23.698165,38.011462
894,587,23.850603,38.039451
895,587,23.848002,37.97961
896,587,23.859437,38.109447
897,587,23.8307,38.118648
898,587,23.859358,37.982486
899,587,23.818731,38.089145
900,587,23.759315,38.068679
901,587,23.877436,38.006572
903,587,23.769615,38.111042
904,587,23.76791,38.107886
905,587,23.802347,38.007712
906,587,23.89442,38.010852
908,587,23.883587,38.002181
910,587,23.72464,37.962772
912,587,23.824756,38.112456
913,587,23.821066,38.074614
914,587,23.81616,38.041805
915,587,23.824212,38.004455
916,587,23.99239,37.892577
917,587,23.841097,38.130958
918,587,23.766439,38.107322
920,587,23.848578,38.023555
