863,592,23.838018,38.128135
862,592,23.8628,37.95193
864,592,23.86215,38.004977
865,592,23.861392,38.000232
866,592,23.881218,37.990023
867,592,23.783187,38.009948
869,592,23.81612,38.04193
870,592,23.881275,37.990005
870,592,23.881275,37.990005
872,592,23.839766,38.13185
873,592,23.868772,38.018005
874,592,23.849056,38.02465
876,592,23.784913,38.015246
878,592,23.766878,38.107883
879,592,23.870214,37.996074
880,592,23.620033,38.06816
882,592,23.781368,38.073569
883,592,23.829401,38.0428
884,592,23.858554,38.007259
885,592,23.834689,38.042995
887,592,23.911594,37.868247
888,592,23.759947,38.068279
889,592,23.730301,38.02901
891,592,23.88119,37.989905
892,592,23.885398,38.00497
893,592,23.81822,38.088931
894,592,23.859144,38.029929
895,592,23.844303,38.010623
896,592,23.850536,38.114348
897,592,23.818798,38.095928
898,592,23.848615,38.023552
899,592,23.788981,38.088695
900,592,23.855895,38.136981
901,592,23.898552,37.90134
903,592,23.758499,38.10395
904,592,23.767923,38.108783
905,592,23.836748,38.028988
906,592,23.795067,37.834598
908,592,23.786164,38.008472
910,592,23.909386,37.870356
912,592,23.870348,38.238509
913,592,23.821134,38.067573
914,592,23.75334,38.048641
915,592,23.80122,38.007228
916,592,24.00834,37.884678
917,592,23.819023,38.082904
918,592,23.76577,38.105616
920,592,23.787873,38.007148
