863,594,23.839628,38.131664
862,594,23.86215,37.955059
864,594,23.862119,38.000106
865,594,23.88428,38.003577
866,594,23.770451,37.990214
867,594,23.80874,38.060332
869,594,23.812721,38.043853
870,594,23.834005,38.013213
870,594,23.834005,38.013213
872,594,23.840647,38.131705
873,594,23.871883,38.016025
874,594,23.847675,38.022102
876,594,23.787302,38.017928
878,594,23.766207,38.106853
879,594,23.868055,37.997184
880,594,23.618994,38.068309
882,594,23.825107,38.114078
883,594,23.82974,38.041671
884,594,23.858914,38.007419
885,594,23.83806,38.011752
887,594,23.911234,37.867507
888,594,23.815605,38.102401
889,594,23.730612,38.028068
891,594,23.879869,37.989135
892,594,23.977333,38.015719
893,594,23.841026,38.131148
894,594,23.859564,38.024509
895,594,23.784899,38.009414
896,594,23.849207,38.114287
897,594,23.8406,38.131526
898,594,23.862128,37.999923
899,594,23.791179,38.091533
900,594,23.83937,38.131126
901,594,23.858526,38.007247
903,594,23.757189,38.102008
904,594,23.767132,38.107898
905,594,23.870326,37.995814
906,594,23.830762,38.018768
908,594,23.786483,38.008193
910,594,23.832852,38.013266
912,594,23.864939,38.106418
913,594,23.823324,38.066703
914,594,23.751579,38.04935
915,594,23.80271,38.007758
916,594,24.01354,37.881526
917,594,23.819942,38.079624
918,594,23.76621,38.104789
920,594,23.857971,38.00553
