863,596,23.839877,38.131847
862,596,23.863029,37.958721
864,596,23.865009,37.998759
865,596,23.747741,37.977302
866,596,23.77466,37.992286
867,596,23.826668,38.01398
869,596,23.809302,38.045322
870,596,23.828724,38.013984
870,596,23.828724,38.013984
872,596,23.824313,38.113818
873,596,23.870984,38.008155
874,596,23.868477,37.996902
876,596,23.789182,38.02119
878,596,23.766117,38.10691
879,596,23.864867,37.998855
880,596,23.618664,38.06837
882,596,23.759122,38.104823
883,596,23.82998,38.040721
884,596,23.802813,37.833049
885,596,23.836908,38.044666
887,596,23.910685,37.867046
888,596,23.842323,38.054538
889,596,23.730942,38.026969
891,596,23.873998,37.993026
892,596,23.884189,38.003978
893,596,23.734162,38.039252
894,596,23.860353,38.018431
895,596,23.886837,37.933632
896,596,23.841776,38.110747
897,596,23.840952,38.131057
898,596,23.856379,37.983325
899,596,23.791189,38.091532
900,596,23.706894,38.074554
901,596,23.903052,37.900829
903,596,23.756099,38.10049
904,596,23.767903,38.108764
905,596,23.867746,37.997306
906,596,23.902081,38.012912
908,596,23.786494,38.008182
910,596,23.908935,37.869926
912,596,23.872298,38.23965
913,596,23.841074,38.131099
914,596,23.749939,38.049388
915,596,23.80759,38.00991
916,596,24.01412,37.879684
917,596,23.820412,38.078163
918,596,23.76683,38.10464
920,596,23.762417,37.986251
