863,597,23.840904,38.131339
862,597,23.86404,37.960429
864,597,23.86909,37.996429
865,597,23.883409,38.003577
866,597,23.80802,38.048988
867,597,23.783727,38.009517
869,597,23.809592,38.047252
870,597,23.825634,38.013904
870,597,23.825634,38.013904
872,597,23.839667,38.131766
873,597,23.871773,38.005473
874,597,23.845307,38.018062
876,597,23.814331,38.079994
878,597,23.769396,38.10654
879,597,23.896192,37.979697
880,597,23.633717,38.065254
882,597,23.823747,38.113536
883,597,23.783512,37.998256
884,597,23.860304,38.007228
885,597,23.85001,38.030619
887,597,23.855152,38.007388
888,597,23.815895,38.1025
889,597,23.731101,38.026561
891,597,23.872029,37.995357
892,597,23.872574,37.952079
893,597,23.81814,38.087851
894,597,23.860335,38.014423
895,597,23.843751,38.011153
896,597,23.840136,38.112277
897,597,23.841081,38.130908
898,597,23.865078,37.998721
899,597,23.825382,38.099674
900,597,23.815953,38.102626
901,597,23.877086,38.007064
903,597,23.768514,38.108722
904,597,23.767952,38.108688
905,597,23.835897,38.027846
906,597,23.831553,38.018435
908,597,23.886067,38.003703
910,597,23.869545,37.990703
912,597,23.840632,38.13129
913,597,23.826643,38.06446
914,597,23.807991,38.045375
915,597,23.829591,38.007995
916,597,24.01297,37.879646
917,597,23.830149,38.118526
918,597,23.767914,38.108535
920,597,23.835692,38.027637
