863,598,23.838139,38.128623
862,598,23.86372,37.963531
864,598,23.871059,37.995749
865,598,23.869003,37.996501
866,598,23.77873,37.995147
867,598,23.906162,37.968158
869,598,23.80969,38.047492
870,598,23.823775,38.013824
870,598,23.823775,38.013824
872,598,23.840645,38.131598
873,598,23.871773,38.005435
874,598,23.865177,37.998691
876,598,23.789571,38.025032
878,598,23.769106,38.106601
879,598,23.861116,38.000445
880,598,23.617944,38.067549
882,598,23.781549,38.073619
883,598,23.830801,38.04042
884,598,23.803602,37.833728
885,598,23.83819,38.011722
887,598,23.910855,37.866725
888,598,23.759827,38.066268
889,598,23.731092,38.026549
891,598,23.870699,37.995875
892,598,23.977293,38.015681
893,598,23.697397,38.011405
894,598,23.859323,38.011844
895,598,23.884527,37.935123
896,598,23.838486,38.114067
897,598,23.841041,38.130878
898,598,23.849167,38.024631
899,598,23.792669,38.093394
900,598,23.822754,38.110798
901,598,23.858517,38.007247
903,598,23.75807,38.099948
904,598,23.767862,38.108332
905,598,23.800396,38.007106
906,598,23.795738,37.834468
908,598,23.888675,38.004123
910,598,23.832852,38.013266
912,598,23.865459,38.10783
913,598,23.841014,38.131168
914,598,23.749569,38.050327
915,598,23.81254,38.011508
916,598,24.012689,37.879596
917,598,23.820501,38.077903
918,598,23.76754,38.104522
920,598,23.787722,38.007278
