863,599,23.840046,38.131889
862,599,23.863819,37.966171
864,599,23.874019,37.992931
865,599,23.747022,37.977081
866,599,23.807079,38.04607
867,599,23.808731,38.060294
869,599,23.808131,38.048141
870,599,23.822735,38.013785
870,599,23.822735,38.013785
872,599,23.823622,38.112098
873,599,23.871763,38.005374
874,599,23.844357,38.016384
876,599,23.814091,38.079444
878,599,23.768955,38.107063
879,599,23.900293,37.977046
880,599,23.639766,38.064112
882,599,23.757352,38.102313
883,599,23.784153,37.998867
884,599,23.860763,38.008239
885,599,23.880758,38.003386
887,599,23.855562,38.006118
888,599,23.841053,38.055038
889,599,23.731662,38.026199
891,599,23.870289,37.995975
892,599,23.848911,38.024207
893,599,23.826187,38.114661
894,599,23.857473,38.010845
895,599,23.843601,38.012954
896,599,23.836416,38.116256
897,599,23.840902,38.130908
898,599,23.85595,37.984245
899,599,23.825582,38.101253
900,599,23.821148,38.109172
901,599,23.784857,38.009407
903,599,23.769678,38.109287
904,599,23.768442,38.108847
905,599,23.835617,38.027538
906,599,23.90201,38.014873
908,599,23.786783,38.00793
910,599,23.718281,37.95816
912,599,23.835336,38.123088
913,599,23.830152,38.063419
914,599,23.80796,38.045386
915,599,23.831962,38.009803
916,599,24.01273,37.879516
917,599,23.828289,38.116546
918,599,23.767895,38.108016
920,599,23.848978,38.024349
