863,605,23.841004,38.13124
862,605,23.865298,37.978
864,605,23.881722,37.990489
865,605,23.747022,37.976501
866,605,23.805678,38.040809
867,605,23.808541,38.060424
869,605,23.808892,38.060096
870,605,23.820484,38.013755
870,605,23.820484,38.013755
872,605,23.812502,38.103217
873,605,23.880402,38.003749
874,605,23.843657,38.01435
876,605,23.81218,38.076396
878,605,23.770133,38.108177
879,605,23.857836,38.004146
880,605,23.658207,38.060584
882,605,23.753273,38.096237
883,605,23.792893,38.003463
884,605,23.860403,38.01501
885,605,23.851129,38.030101
887,605,23.857822,38.002433
888,605,23.837793,38.058609
889,605,23.732283,38.025672
891,605,23.8582,38.006305
892,605,23.84955,38.025509
893,605,23.830856,38.11864
894,605,23.855425,38.007385
895,605,23.84577,38.018653
896,605,23.837567,38.127238
897,605,23.837134,38.126586
898,605,23.851889,37.984188
899,605,23.825973,38.108291
900,605,23.840061,38.132537
901,605,23.877317,38.007442
903,605,23.765261,38.097709
904,605,23.769124,38.106876
905,605,23.833776,38.02558
906,605,23.90168,38.015705
908,605,23.893377,38.004146
910,605,23.865805,37.987674
912,605,23.841023,38.131019
913,605,23.834402,38.061279
914,605,23.74308,38.053287
915,605,23.881288,37.990157
916,605,23.909416,37.869182
917,605,23.823467,38.111831
918,605,23.766115,38.107501
920,605,23.849259,38.024799
