863,609,23.836355,38.124927
862,609,23.865398,37.987033
864,609,23.881413,37.990134
865,609,23.879904,37.989112
866,609,23.808536,38.03984
867,609,23.785097,38.009365
869,609,23.811131,38.070964
870,609,23.879305,37.98952
870,609,23.879305,37.98952
872,609,23.829397,38.116725
873,609,23.882131,37.991046
874,609,23.843567,38.013919
876,609,23.760062,38.038669
878,609,23.767874,38.108207
879,609,23.858316,38.006606
880,609,23.666317,38.062724
882,609,23.752012,38.094596
883,609,23.801323,38.007145
884,609,23.881134,37.989852
885,609,23.851531,38.029891
887,609,23.861492,38.000125
888,609,23.826696,38.114501
889,609,23.733541,38.024661
891,609,23.858469,38.007175
892,609,23.881668,38.003738
893,609,23.740801,38.048007
894,609,23.857906,38.002482
895,609,23.84803,38.022373
896,609,23.840416,38.131823
897,609,23.831234,38.118965
898,609,23.877499,37.990592
899,609,23.826982,38.11238
900,609,23.819143,38.107337
901,609,23.920982,37.889518
903,609,23.771259,38.095786
904,609,23.769083,38.106937
905,609,23.832787,38.024878
906,609,23.836463,38.019263
908,609,24.013638,37.879703
910,609,23.864744,37.986053
912,609,23.841032,38.130939
913,609,23.835432,38.060867
914,609,23.73999,38.050228
915,609,23.82791,38.013858
916,609,23.908797,37.868838
917,609,23.816576,38.105281
918,609,23.765184,38.107032
920,609,23.834042,38.026008
