863,619,23.823269,38.111797
862,619,23.881321,37.989924
864,619,23.870754,37.991527
865,619,23.749933,37.975333
866,619,23.819018,38.040019
867,619,23.763563,37.988597
869,619,23.814296,38.080195
870,619,23.874634,37.995613
870,619,23.874634,37.995613
872,619,23.827797,38.11362
873,619,23.880361,37.989047
874,619,23.843487,38.011855
876,619,23.840879,38.131243
878,619,23.767497,38.107799
879,619,23.904213,37.963783
880,619,23.683178,38.070308
882,619,23.8939,38.102221
883,619,23.818403,38.012947
884,619,23.880903,37.989593
885,619,23.88447,38.00423
887,619,23.881218,37.989936
888,619,23.753538,38.055808
889,619,23.73525,38.017719
891,619,23.860349,38.019858
892,619,23.882236,37.990726
893,619,23.840336,38.131862
894,619,23.88125,37.989959
895,619,23.848692,37.979602
896,619,23.841127,38.140712
897,619,23.826044,38.106136
898,619,23.852684,38.029281
899,619,23.83077,38.118839
900,619,23.810524,38.098525
901,619,23.928202,37.885669
903,619,23.784518,38.102939
904,619,23.768515,38.108859
905,619,23.811882,38.039321
906,619,23.798252,37.83409
908,619,23.892907,38.004455
910,619,23.860344,37.987945
912,619,23.866268,38.108317
913,619,23.853276,38.130527
914,619,23.737638,38.048004
915,619,23.875177,37.992927
916,619,23.908757,37.868884
917,619,23.840187,38.131332
918,619,23.765385,38.10794
920,619,23.88178,38.002418
