863,62,23.826013,38.110045
862,62,23.80768,38.019119
864,62,23.870107,37.990409
865,62,23.950835,38.005123
866,62,23.851088,38.009414
867,62,23.843224,37.997901
869,62,23.829109,38.11574
870,62,23.775662,38.004577
870,62,23.775662,38.004577
872,62,23.841118,38.130878
873,62,23.900867,38.015826
874,62,23.788139,38.001242
875,62,23.800682,38.017612
876,62,23.722143,38.076785
878,62,23.7524,38.09428
879,62,23.969614,38.19342
880,62,23.740446,38.100215
882,62,23.845487,38.139209
883,62,23.881237,37.990112
884,62,23.820917,38.015693
885,62,23.884354,38.00355
887,62,23.872085,37.992934
888,62,23.840996,38.131312
889,62,23.824268,38.098464
891,62,23.88167,37.990371
892,62,23.928882,37.84619
893,62,23.70793,38.011859
894,62,23.849101,38.009769
895,62,23.881397,37.990191
896,62,23.824022,38.098503
897,62,23.841114,38.130874
898,62,23.856138,38.007194
899,62,23.837772,38.06528
900,62,23.820419,38.100283
901,62,23.755121,38.019218
903,62,23.768438,38.10876
904,62,23.751578,38.096652
905,62,23.88125,37.990016
906,62,23.873585,37.995307
908,62,23.876518,37.984134
910,62,23.890306,37.983634
911,62,23.808946,38.041259
912,62,23.819176,38.107787
913,62,23.862641,38.205638
914,62,23.841071,38.130935
915,62,23.86007,38.001101
916,62,23.864012,37.999213
917,62,23.841026,38.130992
918,62,23.754463,38.09796
920,62,23.867483,38.003387
921,62,23.884576,37.926929
