863,620,23.827095,38.115623
862,620,23.881262,37.989936
864,620,23.872265,37.993747
865,620,23.875968,37.997348
866,620,23.810499,38.011008
867,620,23.822977,38.013858
869,620,23.814636,38.081317
870,620,23.810394,38.013614
870,620,23.810394,38.013614
872,620,23.789413,38.089508
873,620,23.879381,37.989406
874,620,23.837597,38.01213
876,620,23.751842,38.040187
878,620,23.767828,38.10826
879,620,23.909632,37.869003
880,620,23.587713,38.055572
882,620,23.741731,38.102016
883,620,23.859081,38.030391
884,620,23.820824,37.844653
885,620,23.851459,38.038288
887,620,23.923447,37.874877
888,620,23.828701,38.063999
889,620,23.735191,38.015979
891,620,23.860349,38.01992
892,620,23.838471,38.029148
893,620,23.748183,38.059638
894,620,23.881748,37.991435
895,620,23.84709,38.027415
896,620,23.837927,38.140811
897,620,23.818897,38.095927
898,620,23.852141,37.980739
899,620,23.841148,38.130927
900,620,23.816733,38.103546
901,620,23.877457,38.007701
903,620,23.788137,38.105678
904,620,23.756981,38.101535
905,620,23.858124,38.005836
906,620,23.843365,38.021476
908,620,24.005617,37.885875
910,620,23.847661,38.009894
912,620,23.887648,38.244914
913,620,23.835814,38.059275
914,620,23.809641,38.064784
915,620,23.83294,38.013366
916,620,23.907187,37.868663
917,620,23.794327,38.095618
918,620,23.766521,38.103579
920,620,23.768218,37.988769
