863,624,23.824745,38.114081
862,624,23.879509,37.989341
864,624,23.868185,37.9971
865,624,23.874828,37.99253
866,624,23.821298,38.040347
867,624,23.821068,38.013789
869,624,23.816726,38.087097
870,624,23.870503,37.995994
870,624,23.870503,37.995994
872,624,23.783363,38.081675
873,624,23.875962,37.996528
874,624,23.835737,38.01284
876,624,23.841089,38.130984
878,624,23.767997,38.108806
879,624,23.909521,37.869254
880,624,23.587574,38.055072
882,624,23.781528,38.079185
883,624,23.820162,38.013415
884,624,23.857353,38.024238
885,624,23.840099,38.010917
887,624,23.928177,37.877288
888,624,23.840595,38.131511
889,624,23.735122,38.011417
891,624,23.85924,38.024028
892,624,23.83806,38.029326
893,624,23.751512,38.064486
894,624,23.881418,37.991668
895,624,23.894775,37.903728
896,624,23.841086,38.1309
897,624,23.819086,38.095927
898,624,23.881338,37.990073
899,624,23.836411,38.125289
900,624,23.825933,38.138972
901,624,23.851984,38.017623
903,624,23.770443,38.108176
904,624,23.75247,38.095142
905,624,23.858294,38.006465
906,624,23.847126,38.021026
908,624,23.783853,38.003108
910,624,23.854003,37.990676
912,624,23.891218,38.248748
913,624,23.857994,38.122428
914,624,23.8111,38.067946
915,624,23.840423,38.01086
916,624,24.012409,37.878975
917,624,23.826511,38.065994
918,624,23.765993,38.103782
920,624,23.85823,38.006423
