863,626,23.838954,38.130259
862,626,23.876068,37.991568
864,626,23.860044,38.001171
865,626,23.874819,37.992148
866,626,23.881418,37.990134
867,626,23.820848,38.013771
869,626,23.817167,38.087775
870,626,23.807624,38.015464
870,626,23.807624,38.015464
872,626,23.780403,38.078468
873,626,23.876042,37.999717
874,626,23.834347,38.013141
876,626,23.801052,38.038913
878,626,23.768034,38.108726
879,626,23.880335,38.00011
880,626,23.690706,38.071586
882,626,23.736772,38.102275
883,626,23.822981,38.013625
884,626,23.828184,37.848613
885,626,23.856868,38.033069
887,626,23.929137,37.877258
888,626,23.826179,38.066371
889,626,23.735052,38.010429
891,626,23.853229,38.025291
892,626,23.83791,38.029396
893,626,23.836616,38.125296
894,626,23.881427,37.991706
895,626,23.843999,38.028503
896,626,23.840986,38.1309
897,626,23.818657,38.096057
898,626,23.850139,37.980571
899,626,23.839994,38.131832
900,626,23.84288,38.13782
901,626,23.850864,38.020133
903,626,23.770023,38.107635
904,626,23.752341,38.094951
905,626,23.858344,38.006637
906,626,23.850216,38.020717
908,626,23.783834,38.003108
910,626,23.716249,37.957198
912,626,23.891098,38.248786
913,626,23.838234,38.058074
914,626,23.811159,38.069927
915,626,23.841662,38.010787
916,626,24.012359,37.878905
917,626,23.839207,38.130809
918,626,23.766035,38.10709
920,626,23.770918,37.990638
