863,628,23.816019,38.104945
862,628,23.875347,37.993022
864,628,23.858216,38.006202
865,628,23.874769,37.992148
866,628,23.818819,38.013061
867,628,23.763193,37.988147
869,628,23.816917,38.088126
870,628,23.881016,37.989703
870,628,23.881016,37.989703
872,628,23.779993,38.077129
873,628,23.875922,38.002067
874,628,23.833777,38.013259
876,628,23.84103,38.130954
878,628,23.767454,38.107886
879,628,23.859724,38.007236
880,628,23.691135,38.071937
882,628,23.887899,38.10031
883,628,23.827181,38.013816
884,628,23.877833,37.990394
885,628,23.88635,38.006572
887,628,23.930256,37.875347
888,628,23.751799,38.050796
889,628,23.735052,38.009997
891,628,23.850151,38.026283
892,628,23.881985,37.990554
893,628,23.755842,38.066856
894,628,23.880419,37.997051
895,628,23.852401,37.979682
896,628,23.828698,38.13972
897,628,23.817676,38.096286
898,628,23.851544,38.030093
899,628,23.841077,38.130958
900,628,23.712144,38.079764
901,628,23.849295,38.020572
903,628,23.769203,38.107647
904,628,23.752069,38.094508
905,628,23.858414,38.006816
906,628,23.851976,38.017535
908,628,23.783684,38.002978
910,628,23.860903,38.007213
912,628,23.840948,38.131217
913,628,23.859095,38.131644
914,628,23.811159,38.069946
915,628,23.875078,37.996989
916,628,24.012541,37.877734
917,628,23.826951,38.064365
918,628,23.767576,38.108062
920,628,23.785281,38.008971
