863,630,23.837216,38.126628
862,630,23.875487,37.993274
864,630,23.858385,38.006823
865,630,23.755703,37.978629
866,630,23.818838,38.013092
867,630,23.931899,37.973899
869,630,23.810726,38.087776
870,630,23.870424,37.995994
870,630,23.870424,37.995994
872,630,23.781554,38.078708
873,630,23.875961,38.003696
874,630,23.833777,38.013259
876,630,23.801372,38.039283
878,630,23.766964,38.107676
879,630,23.900571,37.958801
880,630,23.691675,38.074145
882,630,23.770989,38.073173
883,630,23.83023,38.013785
884,630,23.850764,38.026038
885,630,23.840859,38.010806
887,630,23.931036,37.874046
888,630,23.840836,38.131263
889,630,23.734902,38.009326
891,630,23.84473,38.028793
892,630,23.881975,37.990554
893,630,23.833057,38.120868
894,630,23.880749,38.00259
895,630,23.890066,37.900157
896,630,23.826397,38.139072
897,630,23.818006,38.097377
898,630,23.848488,37.98038
899,630,23.84041,38.131927
900,630,23.816072,38.102687
901,630,23.847624,38.02085
903,630,23.768272,38.107684
904,630,23.756909,38.09098
905,630,23.812073,38.039131
906,630,23.853917,38.013194
908,630,23.783674,38.002959
910,630,23.849853,37.993026
912,630,23.840368,38.13182
913,630,23.857504,38.128806
914,630,23.811159,38.070494
915,630,23.842113,38.010669
916,630,24.014381,37.877604
917,630,23.838417,38.129371
918,630,23.767706,38.10834
920,630,23.85828,38.006572
