863,637,23.841063,38.130927
862,637,23.875546,37.99335
864,637,23.853575,38.014159
865,637,23.760501,37.981681
866,637,23.831968,38.041217
867,637,23.93487,37.98154
869,637,23.801026,38.087173
870,637,23.881355,37.990054
870,637,23.881355,37.990054
872,637,23.824827,38.099029
873,637,23.877903,38.006774
874,637,23.856079,38.003539
876,637,23.808672,38.059573
878,637,23.767556,38.107833
879,637,23.899881,37.954296
880,637,23.584583,38.043494
882,637,23.758657,38.068233
883,637,23.882515,37.892872
884,637,23.867183,37.997596
885,637,23.891491,38.010242
887,637,23.880228,37.989035
888,637,23.75152,38.049476
889,637,23.877825,37.990447
891,637,23.837992,38.02938
892,637,23.834692,38.026603
893,637,23.771751,38.073314
894,637,23.885235,38.003669
895,637,23.851423,37.984134
896,637,23.841032,38.130825
897,637,23.822271,38.092982
898,637,23.88038,37.988998
899,637,23.840749,38.131366
900,637,23.8454,38.13909
901,637,23.94498,37.890258
903,637,23.796448,38.123081
904,637,23.763668,38.084498
905,637,23.858734,38.007408
906,637,23.806664,37.835723
908,637,23.783726,38.002712
910,637,23.861494,38.002105
912,637,23.849218,38.139453
913,637,23.856973,38.123183
914,637,23.733409,38.051174
915,637,23.871618,38.00048
916,637,23.908155,37.868697
917,637,23.838516,38.129477
918,637,23.766003,38.104045
920,637,23.884741,38.002338
