863,638,23.831724,38.119457
862,638,23.876066,37.995689
864,638,23.851974,38.017661
865,638,23.881918,37.990535
866,638,23.834718,38.012981
867,638,23.762743,37.987819
869,638,23.800745,38.087184
870,638,23.861164,38.000362
870,638,23.861164,38.000362
872,638,23.786092,38.084396
873,638,23.878573,38.006625
874,638,23.829735,38.013957
876,638,23.741244,38.036117
878,638,23.767556,38.107833
879,638,23.861187,38.011146
880,638,23.691616,38.079151
882,638,23.809168,38.061972
883,638,23.843429,38.010524
884,638,23.832455,37.85593
885,638,23.850969,38.026859
887,638,23.929888,37.876247
888,638,23.821121,38.073939
889,638,23.73203,38.009548
891,638,23.837391,38.029639
892,638,23.834082,38.026011
893,638,23.821009,38.068523
894,638,23.889654,38.00434
895,638,23.83798,38.029353
896,638,23.840897,38.131171
897,638,23.816195,38.10208
898,638,23.808778,38.06031
899,638,23.840731,38.131496
900,638,23.839746,38.044189
901,638,23.849865,38.025691
903,638,23.768606,38.108711
904,638,23.768644,38.10887
905,638,23.860214,38.007198
906,638,23.855076,38.007446
908,638,23.963328,37.895416
910,638,23.850593,37.987506
912,638,23.849237,38.139843
913,638,23.838933,38.051513
914,638,23.81217,38.072867
915,638,23.854981,38.008476
916,638,24.010941,37.883613
917,638,23.835378,38.123371
918,638,23.766552,38.104056
920,638,23.778168,37.994678
