863,639,23.79731,38.097358
862,639,23.875276,37.996409
864,639,23.850855,38.020191
865,639,23.761433,37.982303
866,639,23.832609,38.041679
867,639,23.816298,38.01263
869,639,23.799895,38.087516
870,639,23.804665,38.013713
870,639,23.804665,38.013713
872,639,23.824097,38.09677
873,639,23.878541,38.006194
874,639,23.857529,38.002609
876,639,23.806842,38.045703
878,639,23.767145,38.107902
879,639,23.89886,37.953014
880,639,23.584393,38.042514
882,639,23.875139,38.102752
883,639,23.857801,38.00912
884,639,23.846294,38.0279
885,639,23.845289,38.010295
887,639,23.88125,37.98989
888,639,23.753731,38.048705
889,639,23.875055,37.992328
891,639,23.837391,38.029651
892,639,23.918183,37.998611
893,639,23.826297,38.114818
894,639,23.894334,38.004062
895,639,23.883265,37.893317
896,639,23.840637,38.131511
897,639,23.821821,38.09228
898,639,23.880261,37.988979
899,639,23.840481,38.131476
900,639,23.715465,38.079944
901,639,23.947401,37.892669
903,639,23.767837,38.109226
904,639,23.763098,38.08232
905,639,23.794899,38.005084
906,639,23.808633,37.836944
908,639,23.958217,37.894565
910,639,23.861485,38.002025
912,639,23.849296,38.139953
913,639,23.856344,38.131019
914,639,23.73214,38.051483
915,639,23.846245,38.010162
916,639,23.907905,37.868617
917,639,23.786403,38.085628
918,639,23.766493,38.104057
920,639,23.829121,38.027537
