863,64,23.826164,38.106174
862,64,23.80476,38.018489
864,64,23.870397,37.991168
865,64,23.942055,38.002433
866,64,23.848698,38.009864
867,64,23.851125,37.998633
869,64,23.826139,38.111262
870,64,23.77676,38.001605
870,64,23.77676,38.001605
872,64,23.840607,38.131805
873,64,23.88183,37.990417
874,64,23.795389,38.005344
875,64,23.802492,38.017963
876,64,23.723642,38.078994
878,64,23.840944,38.130931
879,64,23.975224,38.185698
880,64,23.738085,38.097575
882,64,23.841032,38.130962
883,64,23.881388,37.990073
884,64,23.825117,38.015834
885,64,23.922101,37.997828
887,64,23.870454,37.994994
888,64,23.881119,37.990085
889,64,23.818394,38.101031
891,64,23.881373,37.990134
892,64,23.883295,37.931476
893,64,23.724075,38.019897
894,64,23.860818,38.008686
895,64,23.852634,37.966212
896,64,23.824173,38.098423
897,64,23.840893,38.130824
898,64,23.855839,38.005946
899,64,23.837303,38.065299
900,64,23.845105,38.0432
901,64,23.762893,38.027736
903,64,23.768595,38.108794
904,64,23.754988,38.098663
905,64,23.859905,38.007281
906,64,23.870135,37.996024
908,64,23.877277,37.984214
910,64,23.894846,37.980575
911,64,23.808977,38.041221
912,64,23.815546,38.104617
913,64,23.86582,38.206577
914,64,23.841006,38.130958
915,64,23.867208,37.997539
916,64,23.867333,37.997481
917,64,23.841116,38.130912
918,64,23.755703,38.099841
920,64,23.866613,38.001209
921,64,23.889216,37.922149
