863,642,23.792759,38.093936
862,642,23.870416,37.996028
864,642,23.848035,38.022399
865,642,23.764032,37.984279
866,642,23.834449,38.042487
867,642,23.762733,37.987758
869,642,23.794085,38.094825
870,642,23.857933,38.004561
870,642,23.857933,38.004561
872,642,23.840885,38.131259
873,642,23.878151,38.005923
874,642,23.8599,38.001189
876,642,23.807792,38.048121
878,642,23.765443,38.107021
879,642,23.860426,38.014259
880,642,23.690555,38.080459
882,642,23.809448,38.063823
883,642,23.857821,38.008498
884,642,23.844234,38.028891
885,642,23.846828,38.010044
887,642,23.881251,37.99026
888,642,23.82024,38.07891
889,642,23.730991,38.009616
891,642,23.834251,38.026268
892,642,23.881935,37.990535
893,642,23.824308,38.113887
894,642,23.900685,38.003043
895,642,23.881775,37.891307
896,642,23.840167,38.132712
897,642,23.817625,38.105472
898,642,23.811419,38.056449
899,642,23.841103,38.130946
900,642,23.816146,38.101779
901,642,23.850164,38.026092
903,642,23.768606,38.10884
904,642,23.761156,38.074889
905,642,23.860754,38.008247
906,642,23.856455,38.005107
908,642,23.784256,38.00243
910,642,23.851025,37.984755
912,642,23.848695,38.140147
913,642,23.852184,38.130217
914,642,23.812099,38.075729
915,642,23.849224,38.009612
916,642,24.0059,37.885604
917,642,23.832298,38.1202
918,642,23.768556,38.108832
920,642,23.858349,38.006763
