863,645,23.789869,38.090175
862,645,23.867457,37.997455
864,645,23.849756,38.025576
865,645,23.765404,37.985813
866,645,23.835091,38.042007
867,645,23.937681,37.98928
869,645,23.792035,38.093131
870,645,23.858512,38.007141
870,645,23.858512,38.007141
872,645,23.821646,38.092002
873,645,23.87863,38.006396
874,645,23.863329,37.999458
876,645,23.809483,38.050552
878,645,23.764074,38.105499
879,645,23.894673,37.944293
880,645,23.576301,38.044944
882,645,23.749498,38.062534
883,645,23.85305,38.008902
884,645,23.843106,38.027122
885,645,23.847457,38.009944
887,645,23.881281,37.990661
888,645,23.758301,38.045714
889,645,23.871755,37.99559
891,645,23.832261,38.025268
892,645,23.912682,38.000572
893,645,23.823549,38.112006
894,645,23.912364,38.001064
895,645,23.856693,37.982113
896,645,23.845455,38.139312
897,645,23.821552,38.091819
898,645,23.874981,37.9925
899,645,23.840736,38.131408
900,645,23.84021,38.13124
901,645,23.960331,37.895011
903,645,23.800857,38.115271
904,645,23.759976,38.069526
905,645,23.861003,38.009658
906,645,23.813295,37.839824
908,645,23.784256,38.00241
910,645,23.852663,37.978965
912,645,23.840802,38.131359
913,645,23.847753,38.128997
914,645,23.7266,38.053333
915,645,23.853704,38.008854
916,645,24.000719,37.888588
917,645,23.834717,38.122554
918,645,23.767857,38.108131
920,645,23.828821,38.027759
