863,647,23.828644,38.114455
862,647,23.860286,38.000983
864,647,23.850206,38.026175
865,647,23.767034,37.987353
866,647,23.715814,37.956366
867,647,23.814837,38.012271
869,647,23.787124,38.09143
870,647,23.801683,38.013423
870,647,23.801683,38.013423
872,647,23.786743,38.084605
873,647,23.87795,38.006839
874,647,23.84984,37.981131
876,647,23.739153,38.036636
878,647,23.766325,38.104678
879,647,23.893023,37.940715
880,647,23.571421,38.046325
882,647,23.865818,38.106101
883,647,23.808273,38.060237
884,647,23.834474,37.856945
885,647,23.848228,38.022987
887,647,23.924929,37.884696
888,647,23.759241,38.044364
889,647,23.867225,37.997638
891,647,23.830799,38.026057
892,647,23.909051,38.002563
893,647,23.786593,38.085505
894,647,23.915705,37.999064
895,647,23.858923,37.982482
896,647,23.850586,38.139491
897,647,23.821413,38.091621
898,647,23.876171,37.99422
899,647,23.840107,38.131889
900,647,23.839261,38.130779
901,647,23.964371,37.89511
903,647,23.767616,38.110293
904,647,23.753426,38.066249
905,647,23.861164,38.011039
906,647,23.815284,37.841003
908,647,23.943579,37.890464
910,647,23.850812,37.978847
912,647,23.840022,38.132228
913,647,23.839773,38.048099
914,647,23.72294,38.054344
915,647,23.85614,38.005297
916,647,23.99301,37.892196
917,647,23.779943,38.077716
918,647,23.766613,38.104377
920,647,23.850807,38.029273
