863,648,23.786829,38.086215
862,648,23.857987,38.002605
864,648,23.849296,38.026595
865,648,23.875029,37.992061
866,648,23.83585,38.041465
867,648,23.901254,38.012252
869,648,23.783735,38.090919
870,648,23.879415,37.989463
870,648,23.879415,37.989463
872,648,23.733314,38.105323
873,648,23.87722,38.006351
874,648,23.867008,37.997657
876,648,23.810454,38.052432
878,648,23.767395,38.104529
879,648,23.860164,38.021358
880,648,23.690925,38.079467
882,648,23.733089,38.103823
883,648,23.884886,37.89849
884,648,23.840265,38.028373
885,648,23.852247,38.009105
887,648,23.881281,37.990691
888,648,23.818429,38.087188
889,648,23.863355,37.999526
891,648,23.83041,38.026278
892,648,23.903362,38.002742
893,648,23.821037,38.06679
894,648,23.915695,37.999015
895,648,23.875904,37.883556
896,648,23.854036,38.139029
897,648,23.829024,38.116794
898,648,23.807858,38.047863
899,648,23.840969,38.131004
900,648,23.8454,38.139121
901,648,23.844404,38.028945
903,648,23.802948,38.111503
904,648,23.749145,38.061828
905,648,23.812584,38.039122
906,648,23.859827,38.001285
908,648,23.881361,37.990107
910,648,23.848984,37.978809
912,648,23.840871,38.133899
913,648,23.844654,38.126937
914,648,23.814318,38.080322
915,648,23.854765,38.007674
916,648,23.98823,37.893966
917,648,23.836142,38.060431
918,648,23.766756,38.107959
920,648,23.858469,38.007114
