863,649,23.801002,38.098761
862,649,23.857986,38.002784
864,649,23.846246,38.028007
865,649,23.769154,37.988993
866,649,23.852959,38.00904
867,649,23.940012,37.992729
869,649,23.780216,38.091621
870,649,23.858562,38.007411
870,649,23.858562,38.007411
872,649,23.821386,38.091632
873,649,23.87679,38.005661
874,649,23.828094,38.013957
876,649,23.810362,38.052223
878,649,23.768215,38.104178
879,649,23.891853,37.938266
880,649,23.569891,38.047565
882,649,23.751777,38.060904
883,649,23.85384,38.005962
884,649,23.858044,38.00545
885,649,23.89649,38.011642
887,649,23.874528,37.992141
888,649,23.760671,38.042632
889,649,23.859436,38.001648
891,649,23.82294,38.03239
892,649,23.83246,38.024806
893,649,23.820429,38.109008
894,649,23.881878,37.991298
895,649,23.861254,37.983092
896,649,23.855815,38.13705
897,649,23.821213,38.091449
898,649,23.875931,37.99676
899,649,23.838907,38.130397
900,649,23.838306,38.04531
901,649,23.96928,37.894161
903,649,23.767816,38.111293
904,649,23.745936,38.056399
905,649,23.832377,38.02478
906,649,23.816916,37.841995
908,649,23.937668,37.889693
910,649,23.848012,37.978839
912,649,23.842141,38.136519
913,649,23.850645,38.114212
914,649,23.719261,38.056132
915,649,23.871849,38.005225
916,649,23.98296,37.894187
917,649,23.831667,38.119422
918,649,23.766613,38.104495
920,649,23.885041,38.003539
