863,652,23.794952,38.09616
862,652,23.858137,38.006004
864,652,23.839716,38.028674
865,652,23.881275,37.990023
866,652,23.854919,38.007468
867,652,23.897575,38.011871
869,652,23.777637,38.091006
870,652,23.876926,37.991054
870,652,23.876926,37.991054
872,652,23.821137,38.091373
873,652,23.875871,38.00494
874,652,23.827554,38.013957
876,652,23.808592,38.049884
878,652,23.768144,38.10168
879,652,23.859576,38.026019
880,652,23.57291,38.048103
882,652,23.733049,38.103862
883,652,23.85605,38.003291
884,652,23.858784,38.007442
885,652,23.89918,38.011752
887,652,23.924728,37.885097
888,652,23.81835,38.087428
889,652,23.858295,38.00645
891,652,23.822271,38.032974
892,652,23.892483,38.004451
893,652,23.822397,38.066753
894,652,23.880938,37.989581
895,652,23.784899,38.009272
896,652,23.857847,38.13483
897,652,23.836593,38.125354
898,652,23.803839,38.042861
899,652,23.840894,38.131332
900,652,23.805315,38.094249
901,652,23.842745,38.027312
903,652,23.806838,38.106132
904,652,23.740237,38.047999
905,652,23.812574,38.039134
906,652,23.865366,37.998558
908,652,23.926508,37.887504
910,652,23.862156,38.000175
912,652,23.845432,38.139029
913,652,23.852656,38.11317
914,652,23.814897,38.082019
915,652,23.871729,38.005256
916,652,23.966989,37.894488
917,652,23.835981,38.059783
918,652,23.765556,38.10704
920,652,23.858419,38.007206
