863,656,23.825974,38.108863
862,656,23.858386,38.006866
864,656,23.837827,38.029468
865,656,23.881396,37.989986
866,656,23.85562,38.006137
867,656,23.813858,38.01205
869,656,23.775056,38.092224
870,656,23.801193,38.013263
870,656,23.801193,38.013263
872,656,23.838504,38.129409
873,656,23.880832,38.004081
874,656,23.85158,37.982723
876,656,23.840759,38.131484
878,656,23.775543,38.10054
879,656,23.859055,38.030806
880,656,23.572341,38.048156
882,656,23.763156,38.059695
883,656,23.86068,38.000583
884,656,23.836473,37.857524
885,656,23.845549,38.018237
887,656,23.863205,38.011508
888,656,23.817989,38.087798
889,656,23.858435,38.007117
891,656,23.82225,38.033107
892,656,23.885592,38.00365
893,656,23.824577,38.066562
894,656,23.912466,38.001105
895,656,23.784908,38.009284
896,656,23.859537,38.13272
897,656,23.840614,38.131584
898,656,23.807579,38.039943
899,656,23.830547,38.11872
900,656,23.756236,38.059516
901,656,23.98368,37.894493
903,656,23.767955,38.113017
904,656,23.767855,38.10839
905,656,23.832725,38.024841
906,656,23.872827,37.994716
908,656,23.924479,37.885207
910,656,23.847833,37.979602
912,656,23.844642,38.140998
913,656,23.836233,38.044898
914,656,23.815819,38.083251
915,656,23.857111,38.002769
916,656,23.951969,37.893626
917,656,23.836931,38.042639
918,656,23.764955,38.107032
920,656,23.8854,38.003559
