863,657,23.774788,38.074783
862,657,23.858397,38.006885
864,657,23.837757,38.029486
865,657,23.881893,37.990561
866,657,23.880098,37.989055
867,657,23.894695,38.011329
869,657,23.775007,38.092234
870,657,23.875037,37.992633
870,657,23.875037,37.992633
872,657,23.736645,38.102408
873,657,23.880784,38.003822
874,657,23.87748,37.990577
876,657,23.742142,38.042545
878,657,23.776563,38.100669
879,657,23.885622,37.93415
880,657,23.572971,38.048274
882,657,23.811089,38.069671
883,657,23.857321,38.007796
884,657,23.860553,38.007289
885,657,23.855117,38.006816
887,657,23.88165,37.99095
888,657,23.81798,38.08781
889,657,23.858124,38.007537
891,657,23.82087,38.034297
892,657,23.885002,38.003539
893,657,23.809177,38.101977
894,657,23.912407,38.001296
895,657,23.862734,37.985023
896,657,23.859417,38.131912
897,657,23.819301,38.089847
898,657,23.867603,37.997386
899,657,23.839375,38.131152
900,657,23.837348,38.058975
901,657,23.839485,38.028724
903,657,23.809519,38.10783
904,657,23.768184,38.107718
905,657,23.793329,38.004005
906,657,23.829335,37.850574
908,657,23.785026,38.001979
910,657,23.847815,37.979621
912,657,23.865259,38.106502
913,657,23.837715,38.127658
914,657,23.81609,38.083862
915,657,23.856265,38.004424
916,657,23.908148,37.868693
917,657,23.835772,38.059161
918,657,23.765135,38.107082
920,657,23.790565,38.002048
