863,658,23.790262,38.091941
862,658,23.858508,38.007266
864,658,23.837677,38.029517
865,658,23.774963,37.992343
866,658,23.702515,37.945968
867,658,23.941674,37.999038
869,658,23.772787,38.092665
870,658,23.881374,37.990112
870,658,23.881374,37.990112
872,658,23.820045,38.090423
873,658,23.880613,38.001922
874,658,23.826694,38.013938
876,658,23.811853,38.055175
878,658,23.778614,38.100391
879,658,23.856905,38.031665
880,658,23.574871,38.047584
882,658,23.854628,38.111694
883,658,23.884904,37.90182
884,658,23.836873,37.857616
885,658,23.902019,38.013034
887,658,23.869919,37.990959
888,658,23.817579,38.088
889,658,23.856505,38.008078
891,658,23.82011,38.034968
892,658,23.884682,38.003489
893,658,23.792494,38.093196
894,658,23.912407,38.001308
895,658,23.837499,38.029563
896,658,23.859357,38.131751
897,658,23.840945,38.131202
898,658,23.80835,38.039603
899,658,23.840578,38.131847
900,658,23.83926,38.13079
901,658,23.785328,38.009528
903,658,23.767854,38.108303
904,658,23.768715,38.107418
905,658,23.833386,38.025069
906,658,23.875097,37.992145
908,658,23.881161,37.990096
910,658,23.907076,37.868876
912,658,23.845732,38.142307
913,658,23.860667,38.108661
914,658,23.81616,38.084003
915,658,23.865888,38.006267
916,658,23.947379,37.892516
917,658,23.826458,38.114253
918,658,23.765345,38.107131
920,658,23.851458,38.029934
