863,659,23.825903,38.106612
862,659,23.858508,38.007266
864,659,23.836768,38.029029
865,659,23.877088,37.99084
866,659,23.881207,37.989944
867,659,23.847553,37.994464
869,659,23.769747,38.092266
870,659,23.857552,38.007754
870,659,23.857552,38.007754
872,659,23.836464,38.125079
873,659,23.880123,37.998763
874,659,23.851678,37.984214
876,659,23.806393,38.045383
878,659,23.779135,38.10002
879,659,23.880735,38.002231
880,659,23.579541,38.045406
882,659,23.769028,38.057956
883,659,23.784845,38.00949
884,659,23.837184,38.029582
885,659,23.847538,38.017787
887,659,23.926567,37.885818
888,659,23.81757,38.088012
889,659,23.853763,38.008918
891,659,23.81893,38.03606
892,659,23.88412,38.003391
893,659,23.826397,38.06631
894,659,23.912366,38.001376
895,659,23.866393,37.876377
896,659,23.857659,38.12968
897,659,23.818481,38.089305
898,659,23.863873,37.999286
899,659,23.827846,38.116439
900,659,23.840465,38.13185
901,659,23.98723,37.894252
903,659,23.810249,38.106028
904,659,23.768975,38.106727
905,659,23.860344,38.017341
906,659,23.831244,37.854762
908,659,23.924879,37.884467
910,659,23.907505,37.869155
912,659,23.862558,38.107704
913,659,23.834823,38.045417
914,659,23.816259,38.084262
915,659,23.857141,38.002757
916,659,23.909177,37.868854
917,659,23.821179,38.109249
918,659,23.765675,38.107463
920,659,23.858909,38.007484
