863,660,23.768697,38.072341
862,660,23.858587,38.007438
864,660,23.836477,38.028621
865,660,23.881396,37.989986
866,660,23.84346,38.035346
867,660,23.762144,37.987319
869,660,23.769106,38.092173
870,660,23.874933,37.992492
870,660,23.874933,37.992492
872,660,23.738784,38.10252
873,660,23.881113,37.994712
874,660,23.879308,37.989418
876,660,23.840269,38.131865
878,660,23.778096,38.098262
879,660,23.883952,37.93484
880,660,23.58333,38.043487
882,660,23.811138,38.071479
883,660,23.866039,37.998122
884,660,23.860893,38.008807
885,660,23.855798,38.005855
887,660,23.863864,38.011737
888,660,23.818039,38.088722
889,660,23.851543,38.009368
891,660,23.818791,38.036041
892,660,23.832442,38.024818
893,660,23.802686,38.099406
894,660,23.912337,38.001487
895,660,23.864723,37.985892
896,660,23.840811,38.131294
897,660,23.840945,38.131134
898,660,23.80904,38.041683
899,660,23.837755,38.127872
900,660,23.778937,38.076918
901,660,23.839436,38.028735
903,660,23.768045,38.107711
904,660,23.769073,38.106887
905,660,23.79332,38.003925
906,660,23.875097,37.992176
908,660,23.785097,38.001968
910,660,23.908476,37.869415
912,660,23.846252,38.142935
913,660,23.839445,38.131229
914,660,23.816379,38.084521
915,660,23.856353,38.003223
916,660,23.944599,37.890338
917,660,23.763784,38.070357
918,660,23.765544,38.107864
920,660,23.792705,38.003269
