863,661,23.787472,38.091502
862,661,23.856768,38.008079
864,661,23.836097,38.028072
865,661,23.777874,37.994632
866,661,23.85644,38.005145
867,661,23.813738,38.012031
869,661,23.767105,38.091903
870,661,23.800804,38.013244
870,661,23.800804,38.013244
872,661,23.819416,38.089763
873,661,23.882173,37.990871
874,661,23.825914,38.013927
876,661,23.743652,38.044406
878,661,23.776714,38.095881
879,661,23.856715,38.032443
880,661,23.584169,38.043079
882,661,23.851738,38.113784
883,661,23.856651,38.007007
884,661,23.837404,37.857715
885,661,23.901668,38.013835
887,661,23.881821,37.990463
888,661,23.818579,38.089122
889,661,23.848003,38.009948
891,661,23.81868,38.036132
892,661,23.88348,38.003421
893,661,23.797875,38.097316
894,661,23.760774,38.03857
895,661,23.8372,38.029624
896,661,23.856397,38.126121
897,661,23.817682,38.088455
898,661,23.859983,38.001197
899,661,23.839488,38.131316
900,661,23.837812,38.128108
901,661,23.991371,37.893131
903,661,23.813779,38.10649
904,661,23.768112,38.108668
905,661,23.860353,38.020171
906,661,23.835934,37.857352
908,661,23.881111,37.990085
910,661,23.908865,37.869834
912,661,23.858657,38.110122
913,661,23.863006,38.107329
914,661,23.71797,38.058402
915,661,23.862369,38.007026
916,661,23.909687,37.868656
917,661,23.836601,38.042891
918,661,23.765535,38.107902
920,661,23.851497,38.030013
