863,664,23.783852,38.09088
862,664,23.859868,38.01165
864,664,23.834219,38.026191
865,664,23.881359,37.99002
866,664,23.881207,37.990035
867,664,23.761873,37.987178
869,664,23.765565,38.091693
870,664,23.854641,38.008693
870,664,23.854641,38.008693
872,664,23.818886,38.089381
873,664,23.881422,37.990119
874,664,23.825104,38.013896
876,664,23.839619,38.131614
878,664,23.778705,38.091281
879,664,23.857025,38.033195
880,664,23.586821,38.051517
882,664,23.850609,38.114345
883,664,23.869629,37.996081
884,664,23.838314,37.857856
885,664,23.901989,38.015056
887,664,23.864724,38.012336
888,664,23.821389,38.091372
889,664,23.839893,38.01107
891,664,23.819989,38.034992
892,664,23.881935,37.990508
893,664,23.805274,38.100184
894,664,23.760655,38.041381
895,664,23.837181,38.029613
896,664,23.839481,38.131503
897,664,23.818931,38.083392
898,664,23.809551,38.04476
899,664,23.837959,38.128227
900,664,23.722316,38.080104
901,664,23.839124,38.028884
903,664,23.81604,38.105529
904,664,23.766872,38.10786
905,664,23.834675,38.026679
906,664,23.846103,37.861763
908,664,23.925018,37.876197
910,664,23.862595,37.999755
912,664,23.851458,38.113903
913,664,23.865636,38.10612
914,664,23.816469,38.085521
915,664,23.860343,38.000881
916,664,23.935359,37.889289
917,664,23.818319,38.106517
918,664,23.765515,38.107875
920,664,23.823171,38.03266
