863,665,23.825934,38.106093
862,665,23.85974,38.01166
864,665,23.83379,38.02555
865,665,23.782553,37.997634
866,665,23.84674,38.033695
867,665,23.813558,38.011981
869,665,23.764806,38.091602
870,665,23.876074,37.994132
870,665,23.876074,37.994132
872,665,23.829495,38.117289
873,665,23.881613,37.99031
874,665,23.856018,37.983931
876,665,23.745561,38.046726
878,665,23.783146,38.09119
879,665,23.883265,38.002273
880,665,23.58756,38.054355
882,665,23.77966,38.052516
883,665,23.855252,38.007388
884,665,23.836505,38.028552
885,665,23.852617,38.016067
887,665,23.88184,37.990581
888,665,23.822927,38.093654
889,665,23.835953,38.01276
891,665,23.820598,38.034503
892,665,23.881904,37.990527
893,665,23.826187,38.064597
894,665,23.760984,38.042263
895,665,23.860863,37.873226
896,665,23.858328,38.122222
897,665,23.819712,38.080394
898,665,23.858013,38.005458
899,665,23.823626,38.11241
900,665,23.840416,38.131877
901,665,23.99924,37.889381
903,665,23.769436,38.106601
904,665,23.766832,38.10786
905,665,23.859924,38.02243
906,665,23.879908,37.989135
908,665,23.922218,37.874309
910,665,23.909115,37.870456
912,665,23.850538,38.114413
913,665,23.834513,38.045177
914,665,23.714859,38.064525
915,665,23.85877,38.007564
916,665,23.910498,37.868644
917,665,23.759334,38.068656
918,665,23.766632,38.104533
920,665,23.860579,38.007614
