863,666,23.758868,38.068801
862,666,23.85771,38.011981
864,666,23.83301,38.02486
865,666,23.881378,37.99002
866,666,23.856109,38.003444
867,666,23.894724,38.011077
869,666,23.764446,38.091552
870,666,23.799253,38.012676
870,666,23.799253,38.012676
872,666,23.741905,38.101829
873,666,23.881952,37.990532
874,666,23.881218,37.99015
876,666,23.808692,38.059066
878,666,23.786946,38.091308
879,666,23.8825,37.932303
880,666,23.588421,38.055145
882,666,23.812377,38.073466
883,666,23.879954,37.905563
884,666,23.861463,38.011489
885,666,23.856108,38.003436
887,666,23.87171,37.994235
888,666,23.881102,37.989997
889,666,23.834213,38.01316
891,666,23.821369,38.033863
892,666,23.882598,38.003581
893,666,23.793717,38.095127
894,666,23.760244,38.043113
895,666,23.866803,37.988895
896,666,23.837541,38.127513
897,666,23.820362,38.078323
898,666,23.812132,38.044059
899,666,23.832535,38.120395
900,666,23.802355,38.092917
901,666,23.838874,38.028995
903,666,23.767326,38.113246
904,666,23.766813,38.107891
905,666,23.792431,38.003184
906,666,23.848053,37.863063
908,666,23.921317,37.871348
910,666,23.866354,37.998046
912,666,23.850158,38.114425
913,666,23.840925,38.131156
914,666,23.81642,38.08599
915,666,23.863903,37.99924
916,666,23.930928,37.889289
917,666,23.835631,38.043693
918,666,23.765755,38.107696
920,666,23.795566,38.005409
