863,667,23.779772,38.091559
862,667,23.85512,38.011821
864,667,23.83267,38.02489
865,667,23.784633,37.999324
866,667,23.876439,37.991336
867,667,23.941593,37.998935
869,667,23.764135,38.091514
870,667,23.875986,37.996982
870,667,23.875986,37.996982
872,667,23.818305,38.08895
873,667,23.881962,37.990542
874,667,23.823484,38.013785
876,667,23.803824,38.042964
878,667,23.789255,38.091296
879,667,23.856556,38.034187
880,667,23.591461,38.054545
882,667,23.847568,38.113723
883,667,23.871608,37.995482
884,667,23.839073,37.857997
885,667,23.901678,38.015696
887,667,23.928676,37.886298
888,667,23.824177,38.096675
889,667,23.832263,38.01356
891,667,23.82148,38.033732
892,667,23.881998,38.003612
893,667,23.840099,38.131846
894,667,23.759714,38.043922
895,667,23.858664,37.871776
896,667,23.858327,38.120902
897,667,23.820442,38.078063
898,667,23.858534,38.007198
899,667,23.83573,38.123687
900,667,23.857488,38.135242
901,667,24.003031,37.887511
903,667,23.81929,38.10815
904,667,23.770149,38.108184
905,667,23.859705,38.023361
906,667,23.881238,37.989994
908,667,23.921238,37.871177
910,667,23.908606,37.870486
912,667,23.846428,38.113284
913,667,23.869597,38.1049
914,667,23.714729,38.066043
915,667,23.857441,38.007824
916,667,23.909738,37.868834
917,667,23.837502,38.058852
918,667,23.766203,38.104804
920,667,23.822851,38.032772
