863,668,23.840977,38.131163
862,668,23.85393,38.013412
864,668,23.832631,38.024879
865,668,23.787394,38.001026
866,668,23.700533,37.943668
867,668,23.761704,37.987246
869,668,23.763445,38.091415
870,668,23.850411,38.009513
870,668,23.850411,38.009513
872,668,23.829105,38.116019
874,668,23.856568,37.982082
876,668,23.838549,38.129443
878,668,23.791066,38.092196
879,668,23.884995,38.001514
880,668,23.593802,38.054027
882,668,23.782848,38.049957
883,668,23.855741,38.005718
884,668,23.836207,38.028151
885,668,23.854437,38.012077
887,668,23.865185,38.012397
888,668,23.825287,38.099345
889,668,23.830084,38.01393
891,668,23.822609,38.032752
892,668,23.881458,38.003642
893,668,23.812185,38.102825
894,668,23.759643,38.044032
895,668,23.869503,37.990596
896,668,23.834723,38.122585
897,668,23.821022,38.075793
898,668,23.815422,38.042358
899,668,23.820866,38.1095
900,668,23.821713,38.099708
901,668,23.838865,38.028995
903,668,23.769985,38.106059
904,668,23.77013,38.108214
905,668,23.835745,38.027759
906,668,23.848333,37.863323
908,668,23.921168,37.871016
910,668,23.869795,37.996116
912,668,23.842557,38.110774
913,668,23.834473,38.045207
914,668,23.816419,38.086219
915,668,23.867264,37.997508
916,668,23.926848,37.887691
917,668,23.820849,38.108882
918,668,23.765515,38.107215
920,668,23.851578,38.030173
