863,669,23.759967,38.06829
862,669,23.853618,38.014171
864,669,23.832519,38.024749
865,669,23.790323,38.002044
866,669,23.84958,38.032332
867,669,23.812957,38.011832
869,669,23.762686,38.091323
870,669,23.875963,37.996642
870,669,23.875963,37.996642
872,669,23.745205,38.09943
874,669,23.881258,37.990199
876,669,23.746242,38.047527
878,669,23.792446,38.093597
879,669,23.883609,37.931133
880,669,23.595512,38.054927
882,669,23.812318,38.074317
883,669,23.875353,37.907073
884,669,23.862114,38.01152
885,669,23.858238,38.002197
887,669,23.870199,37.995826
888,669,23.829277,38.102687
889,669,23.825853,38.013912
891,669,23.822948,38.032443
892,669,23.977291,38.01583
893,669,23.827297,38.064288
894,669,23.759433,38.044372
895,669,23.761231,37.987384
896,669,23.857338,38.11941
897,669,23.821041,38.075492
898,669,23.858553,38.007278
899,669,23.830654,38.118736
900,669,23.820536,38.10023
901,669,24.00638,37.885391
903,669,23.767187,38.113227
904,669,23.77005,38.107974
905,669,23.792372,38.003146
906,669,23.881246,37.990093
908,669,23.785497,38.001777
910,669,23.907866,37.870555
912,669,23.841799,38.110706
913,669,23.840925,38.131144
914,669,23.715809,38.068313
915,669,23.85506,38.008601
916,669,23.909409,37.869223
917,669,23.816839,38.103679
918,669,23.765654,38.104983
920,669,23.860878,38.009253
