863,67,23.840929,38.131228
862,67,23.845499,38.01744
864,67,23.872167,37.993087
865,67,23.929776,37.998092
866,67,23.867694,38.005958
867,67,23.852584,37.999255
869,67,23.82606,38.104964
870,67,23.78229,38.003344
870,67,23.78229,38.003344
872,67,23.778614,38.091232
873,67,23.88134,37.990078
874,67,23.810758,38.011065
875,67,23.760847,38.042365
876,67,23.724882,38.078784
878,67,23.75272,38.095439
879,67,23.974514,38.179858
880,67,23.731146,38.097606
882,67,23.841063,38.1309
883,67,23.88134,37.990078
884,67,23.827316,38.015476
885,67,23.872982,37.995651
887,67,23.906443,37.965281
888,67,23.840683,38.131396
889,67,23.818634,38.100951
891,67,23.877882,37.990409
892,67,23.928993,37.850582
893,67,23.706155,38.012676
894,67,23.86117,38.011176
895,67,23.870611,37.990101
896,67,23.840819,38.11148
897,67,23.841003,38.130924
898,67,23.859089,38.001815
899,67,23.841043,38.130859
900,67,23.850074,38.03995
901,67,23.786438,38.025577
903,67,23.815919,38.105498
904,67,23.759098,38.104651
905,67,23.881351,37.990032
906,67,23.862623,37.99974
908,67,23.830349,38.013965
910,67,23.836233,38.012729
911,67,23.809526,38.040908
912,67,23.845062,38.138301
913,67,23.80789,38.081389
914,67,23.840785,38.131419
915,67,23.872909,37.994555
916,67,23.906426,37.965266
917,67,23.841037,38.131114
918,67,23.768142,38.107737
920,67,23.865343,37.998637
921,67,23.894735,37.91088
