863,671,23.840665,38.131625
862,671,23.853378,38.01469
864,671,23.83277,38.024848
865,671,23.790694,38.002155
866,671,23.873788,37.993304
867,671,23.847423,37.994476
869,671,23.761766,38.091205
870,671,23.875996,37.998683
870,671,23.875996,37.998683
872,671,23.828926,38.114779
874,671,23.859728,37.9826
876,671,23.802972,38.042605
878,671,23.796057,38.096874
879,671,23.885445,38.001396
880,671,23.600933,38.056068
882,671,23.80867,38.060421
883,671,23.856142,38.003768
884,671,23.835047,38.026931
885,671,23.856917,38.009845
887,671,23.866366,38.011947
888,671,23.835997,38.107478
889,671,23.822992,38.013751
891,671,23.822908,38.032985
892,671,23.977451,38.01609
893,671,23.83915,38.130706
894,671,23.758633,38.045512
895,671,23.872343,37.989707
896,671,23.853677,38.116302
897,671,23.820792,38.069682
898,671,23.857813,38.007636
899,671,23.816145,38.105022
900,671,23.838209,38.056926
901,671,23.838726,38.029056
903,671,23.769714,38.105147
904,671,23.768502,38.107692
905,671,23.836824,38.02832
906,671,23.900772,38.016105
908,671,23.785769,38.001636
910,671,23.907205,37.870426
912,671,23.83894,38.113513
913,671,23.834504,38.045158
914,671,23.717119,38.070312
915,671,23.85136,38.009372
916,671,23.909578,37.869262
917,671,23.836561,38.044471
918,671,23.765213,38.105433
920,671,23.822881,38.032741
