863,674,23.839867,38.131927
862,674,23.849178,38.020629
864,674,23.833158,38.024848
865,674,23.793563,38.004047
866,674,23.86334,37.999504
867,674,23.811798,38.011592
869,674,23.760376,38.090804
870,674,23.797342,38.012824
870,674,23.797342,38.012824
872,674,23.827027,38.112758
874,674,23.861899,37.983562
876,674,23.809575,38.064868
878,674,23.805296,38.100486
879,674,23.887406,38.001586
880,674,23.608113,38.061366
882,674,23.841178,38.111213
883,674,23.856782,38.002918
884,674,23.834677,38.026549
885,674,23.857756,38.009094
887,674,23.866976,38.010955
888,674,23.850466,38.114528
889,674,23.818242,38.012992
891,674,23.822578,38.033286
892,674,23.880266,37.998423
893,674,23.697187,38.011474
894,674,23.757202,38.046851
895,674,23.854054,37.868472
896,674,23.824122,38.112033
897,674,23.820881,38.066787
898,674,23.819812,38.040439
899,674,23.809305,38.102023
900,674,23.825955,38.139083
901,674,24.014799,37.880297
903,674,23.768185,38.108703
904,674,23.767919,38.108653
905,674,23.859045,38.023952
906,674,23.901491,38.015766
908,674,23.918387,37.868747
910,674,23.877225,37.990752
912,674,23.83288,38.118033
913,674,23.884127,38.101359
914,674,23.816528,38.086601
915,674,23.878072,37.990169
916,674,23.924658,37.884879
917,674,23.816028,38.102618
918,674,23.766065,38.107283
920,674,23.804657,38.008441
