863,675,23.759427,38.06531
862,675,23.847498,38.020969
864,675,23.833948,38.025939
865,675,23.796194,38.005805
866,675,23.87237,37.995166
867,675,23.889744,38.009506
869,675,23.760065,38.090663
870,675,23.876196,38.000213
870,675,23.876196,38.000213
872,675,23.750195,38.095779
874,675,23.819876,38.013488
876,675,23.804592,38.041274
878,675,23.808155,38.101657
879,675,23.88345,37.925441
880,675,23.611832,38.063197
882,675,23.808689,38.060409
883,675,23.873762,37.910713
884,675,23.862314,38.011478
885,675,23.866138,37.998095
887,675,23.932907,37.887084
888,675,23.855226,38.117599
889,675,23.816763,38.012561
891,675,23.823059,38.032775
892,675,23.977652,38.01578
893,675,23.792576,38.093647
894,675,23.756052,38.047652
895,675,23.793471,37.823077
896,675,23.850656,38.1142
897,675,23.821951,38.066757
898,675,23.851652,38.009265
899,675,23.825856,38.114455
900,675,23.772467,38.073829
901,675,23.838596,38.029097
903,675,23.828239,38.116759
904,675,23.767919,38.108653
905,675,23.812614,38.039203
906,675,23.850574,37.865306
908,675,23.786408,38.001304
910,675,23.907045,37.870227
912,675,23.889439,38.247706
913,675,23.834383,38.045165
914,675,23.71621,38.072273
915,675,23.844261,38.010501
916,675,23.926128,37.882369
917,675,23.759896,38.066817
918,675,23.765053,38.106044
920,675,23.881283,37.990104
