863,676,23.774393,38.092548
862,676,23.847247,38.021037
864,676,23.834988,38.026958
865,676,23.799235,38.006846
866,676,23.699562,37.943409
867,676,23.940233,37.994144
869,676,23.759356,38.090342
870,676,23.84708,38.010101
870,676,23.84708,38.010101
872,676,23.815265,38.08258
874,676,23.863219,37.985241
876,676,23.833939,38.121734
878,676,23.811344,38.102908
879,676,23.849606,38.040527
880,676,23.615312,38.064956
882,676,23.778669,38.04235
883,676,23.880958,37.989635
884,676,23.841833,37.858756
885,676,23.899538,38.01585
887,676,23.868027,38.011024
888,676,23.858338,38.120837
889,676,23.816513,38.012431
891,676,23.82321,38.032577
892,676,23.881346,37.994064
893,676,23.837339,38.126968
894,676,23.754892,38.048103
895,676,23.874073,37.991576
896,676,23.820742,38.108825
897,676,23.824211,38.066638
898,676,23.821533,38.04034
899,676,23.828261,38.116687
900,676,23.835293,38.123218
901,676,24.014448,37.879756
903,676,23.770935,38.104369
904,676,23.766974,38.107921
905,676,23.839565,38.027198
906,676,23.901642,38.013736
908,676,23.917365,37.868148
910,676,23.880245,37.989051
912,676,23.83041,38.117343
913,676,23.841116,38.130954
914,676,23.715189,38.071594
915,676,23.880323,37.989028
916,676,23.927179,37.879841
917,676,23.836841,38.044711
918,676,23.766405,38.107852
920,676,23.860258,38.012813
