863,678,23.772583,38.092608
862,678,23.848469,38.02333
864,678,23.839009,38.027469
865,678,23.807783,38.010028
866,678,23.86771,37.997333
867,678,23.761374,37.987247
869,678,23.757215,38.089412
870,678,23.796732,38.012324
870,678,23.796732,38.012324
872,678,23.750845,38.09637
874,678,23.865358,37.98712
876,678,23.809985,38.066306
878,678,23.815744,38.105411
879,678,23.88662,37.922462
880,678,23.620055,38.067989
882,678,23.839468,38.113021
883,678,23.874832,37.914771
884,678,23.842604,37.859687
885,678,23.869989,37.995974
887,678,23.935367,37.886085
888,678,23.856977,38.127719
889,678,23.812142,38.011401
891,678,23.82939,38.027476
892,678,23.882205,37.990714
893,678,23.828817,38.063918
894,678,23.750702,38.049514
895,678,23.761499,37.987266
896,678,23.817602,38.105575
897,678,23.787118,38.084796
898,678,23.823423,38.041271
899,678,23.823367,38.113025
900,678,23.724648,38.080776
901,678,24.013398,37.879706
903,678,23.83057,38.118518
904,678,23.767853,38.10802
905,678,23.842464,38.02613
906,678,23.900022,38.011886
908,678,23.916226,37.867748
910,678,23.847845,37.979659
912,678,23.82958,38.117091
913,678,23.833973,38.044864
914,678,23.715189,38.071384
915,678,23.881243,37.990047
916,678,23.925469,37.876807
917,678,23.816598,38.10311
918,678,23.767375,38.107784
920,678,23.881273,37.990093
