863,679,23.758728,38.064491
862,679,23.849248,38.02478
864,679,23.842209,38.026031
865,679,23.812433,38.01152
866,679,23.87014,37.996024
867,679,23.811779,38.011523
869,679,23.755735,38.088913
870,679,23.876767,38.002174
870,679,23.876767,38.002174
872,679,23.814245,38.079669
874,679,23.815945,38.012397
876,679,23.807553,38.039935
878,679,23.818365,38.10712
879,679,23.909731,37.868873
880,679,23.624174,38.067168
882,679,23.808869,38.060519
883,679,23.881319,37.990005
884,679,23.832916,38.025051
885,679,23.898928,38.016669
887,679,23.869297,38.010985
888,679,23.858597,38.13058
889,679,23.81195,38.011402
891,679,23.830189,38.026958
892,679,23.97631,38.014262
893,679,23.697277,38.011474
894,679,23.751251,38.050235
895,679,23.850793,37.865462
896,679,23.855005,38.111518
897,679,23.826721,38.064441
898,679,23.843842,38.010524
899,679,23.841009,38.131076
900,679,23.841316,38.045291
901,679,23.838247,38.029246
903,679,23.771205,38.104251
904,679,23.76857,38.108882
905,679,23.856396,38.02452
906,679,23.895333,38.011615
908,679,23.915025,37.867488
910,679,23.881297,37.990104
912,679,23.885779,38.242213
913,679,23.841135,38.130935
914,679,23.817058,38.087398
915,679,23.836761,38.012519
916,679,23.925469,37.876807
917,679,23.815958,38.102607
918,679,23.767875,38.108123
920,679,23.860369,38.014983
