863,68,23.825485,38.099994
862,68,23.7976,38.017402
864,68,23.870258,37.99565
865,68,23.924915,37.997722
866,68,23.845318,38.010448
867,68,23.842563,37.994621
869,68,23.826399,38.103374
870,68,23.785108,38.002006
870,68,23.785108,38.002006
872,68,23.808823,38.091799
873,68,23.901796,38.014224
874,68,23.816288,38.012355
875,68,23.803332,38.0181
876,68,23.728052,38.079055
878,68,23.840139,38.131183
879,68,23.882069,37.990672
880,68,23.727396,38.097926
882,68,23.760026,38.090686
883,68,23.88132,37.990157
884,68,23.829167,38.015105
885,68,23.925791,37.997749
887,68,23.870295,37.995811
888,68,23.840879,38.131431
889,68,23.824137,38.097293
891,68,23.875232,37.99221
892,68,23.879835,37.934776
893,68,23.724756,38.020896
894,68,23.847791,38.009978
895,68,23.853294,37.966361
896,68,23.824482,38.098181
897,68,23.841023,38.130935
898,68,23.86266,37.999755
899,68,23.837233,38.065299
900,68,23.824338,38.097805
901,68,23.7556,38.0191
903,68,23.81885,38.10773
904,68,23.760819,38.105361
905,68,23.870256,37.995616
906,68,23.859953,38.00122
908,68,23.878168,37.985682
910,68,23.904286,37.973712
911,68,23.809616,38.04087
912,68,23.805617,38.100536
913,68,23.871691,38.209574
914,68,23.840157,38.131858
915,68,23.875889,37.991614
916,68,23.874523,37.992549
917,68,23.840847,38.130905
918,68,23.758323,38.103568
920,68,23.865324,37.998607
921,68,23.894276,37.906719
