863,681,23.769413,38.0922
862,681,23.85012,38.026317
864,681,23.847458,38.025241
865,681,23.815492,38.012221
866,681,23.851141,38.027202
867,681,23.938803,37.990295
869,681,23.755726,38.088882
870,681,23.876614,38.001601
870,681,23.876614,38.001601
872,681,23.752735,38.09711
874,681,23.811994,38.011508
876,681,23.748961,38.050135
878,681,23.822916,38.11156
879,681,23.890664,38.000106
880,681,23.631033,38.065757
882,681,23.814179,38.079814
883,681,23.881349,37.989993
884,681,23.832857,38.025051
885,681,23.873499,37.993514
887,681,23.937147,37.885375
888,681,23.859238,38.131412
889,681,23.808351,38.010272
891,681,23.830439,38.02663
892,681,23.881466,37.990092
893,681,23.83487,38.122669
894,681,23.751341,38.051105
895,681,23.874643,37.992255
896,681,23.858466,38.110167
897,681,23.830721,38.063152
898,681,23.880959,37.989761
899,681,23.794685,38.095912
900,681,23.800294,38.092376
901,681,24.012268,37.87973
903,681,23.83135,38.119078
904,681,23.768601,38.109123
905,681,23.844515,38.025698
906,681,23.893291,38.010966
908,681,23.912476,37.866908
910,681,23.881376,37.990042
912,681,23.884508,38.239322
913,681,23.833593,38.044593
914,681,23.817278,38.087729
915,681,23.833222,38.0134
916,681,23.925009,37.875956
917,681,23.839361,38.046531
918,681,23.768507,38.108753
920,681,23.860378,38.017932
