863,682,23.758647,38.064399
862,682,23.850061,38.026355
864,682,23.849077,38.02494
865,682,23.816903,38.012592
866,682,23.8718,37.995494
867,682,23.811729,38.011825
869,682,23.755716,38.08887
870,682,23.796353,38.011916
870,682,23.796353,38.011916
872,682,23.812645,38.077277
874,682,23.870206,37.990283
876,682,23.810965,38.067707
878,682,23.824257,38.11407
879,682,23.89081,37.920181
880,682,23.634052,38.065177
882,682,23.837717,38.11486
883,682,23.87379,37.924282
884,682,23.881125,37.98991
885,682,23.898428,38.017341
887,682,23.870617,38.010867
888,682,23.858728,38.131511
889,682,23.806732,38.00952
891,682,23.830439,38.026618
892,682,23.976171,38.014064
893,682,23.819975,38.108756
894,682,23.75102,38.051914
895,682,23.837012,38.029361
896,682,23.827898,38.139682
897,682,23.786221,38.084499
898,682,23.840182,38.010974
899,682,23.820856,38.109683
900,682,23.859549,38.132503
901,682,23.837927,38.029376
903,682,23.771265,38.104659
904,682,23.768423,38.108836
905,682,23.850706,38.026069
906,682,23.851824,37.86644
908,682,23.786857,38.001072
910,682,23.847836,37.980018
912,682,23.83601,38.124
913,682,23.891386,38.10099
914,682,23.817567,38.088161
915,682,23.85732,38.002746
916,682,23.907415,37.868641
917,682,23.839071,38.054031
918,682,23.765013,38.106075
920,682,23.816116,38.012271
