863,683,23.844917,38.138255
862,683,23.849641,38.026473
864,683,23.849086,38.02494
865,683,23.817702,38.012813
866,683,23.86723,37.997573
867,683,23.886003,38.005706
869,683,23.755717,38.088988
870,683,23.876806,38.003154
870,683,23.876806,38.003154
872,683,23.825877,38.107066
874,683,23.807615,38.010039
876,683,23.808221,38.039603
878,683,23.826856,38.11531
879,683,23.90987,37.868724
880,683,23.636192,38.064746
882,683,23.808898,38.06055
883,683,23.872421,37.928081
884,683,23.843433,37.860198
885,683,23.857857,38.00838
887,683,23.863428,37.999469
888,683,23.881102,37.990016
889,683,23.806393,38.009372
891,683,23.830639,38.026499
892,683,23.83232,38.024807
893,683,23.829116,38.063819
894,683,23.752281,38.053645
895,683,23.761579,37.987105
896,683,23.861126,38.108348
897,683,23.834891,38.061061
898,683,23.828993,38.04399
899,683,23.840679,38.131514
900,683,23.824392,38.098376
901,683,24.012607,37.879631
903,683,23.768545,38.108813
904,683,23.768433,38.108837
905,683,23.848344,38.025069
906,683,23.889902,38.009566
908,683,23.911665,37.866759
910,683,23.715849,37.957412
912,683,23.883948,38.23733
913,683,23.833402,38.044475
914,683,23.817567,38.088161
915,683,23.830532,38.01395
916,683,23.92499,37.875946
917,683,23.815988,38.102592
918,683,23.768538,38.108802
920,683,23.881344,37.990211
