863,687,23.845466,38.139347
862,687,23.844192,38.029045
864,687,23.850667,38.02061
865,687,23.83194,38.013503
866,687,23.863899,37.999274
867,687,23.847664,37.994273
869,687,23.758066,38.089747
870,687,23.875857,38.003395
870,687,23.875857,38.003395
872,687,23.755165,38.099219
874,687,23.803785,38.008311
876,687,23.808221,38.039592
878,687,23.833908,38.121616
879,687,23.90939,37.868895
880,687,23.647324,38.063086
882,687,23.77364,38.037223
883,687,23.864992,37.946612
884,687,23.831336,38.025821
885,687,23.874769,37.992073
887,687,23.941447,37.887424
888,687,23.76238,38.041221
889,687,23.800312,38.007064
891,687,23.833141,38.02486
892,687,23.833781,38.025657
893,687,23.823494,38.112838
894,687,23.75708,38.061935
895,687,23.76138,37.986827
896,687,23.833168,38.139602
897,687,23.836191,38.060542
898,687,23.833571,38.013305
899,687,23.840339,38.131884
900,687,23.840316,38.131457
901,687,23.837575,38.029578
903,687,23.771305,38.104842
904,687,23.768243,38.107787
905,687,23.791072,38.002327
906,687,23.886013,38.005729
908,687,23.911023,37.86724
910,687,23.71398,37.95618
912,687,23.888176,38.23445
913,687,23.893948,38.102359
914,687,23.819177,38.08961
915,687,23.822692,38.013816
916,687,23.907034,37.870281
917,687,23.839171,38.05347
918,687,23.766002,38.106666
920,687,23.860347,38.020312
