863,688,23.825854,38.103232
862,688,23.879552,37.98912
864,688,23.852497,38.016571
865,688,23.832439,38.013385
866,688,23.711212,37.952548
867,688,23.934673,37.983691
869,688,23.759146,38.090247
870,688,23.839111,38.011444
870,688,23.839111,38.011444
872,688,23.812235,38.075118
874,688,23.874869,37.992263
876,688,23.828729,38.117255
878,688,23.836027,38.124095
879,688,23.845656,38.042933
880,688,23.650383,38.062167
882,688,23.816358,38.084575
883,688,23.857612,38.002639
884,688,23.881319,37.990127
885,688,23.897838,38.01874
887,688,23.872016,38.007068
888,688,23.84473,38.046642
889,688,23.797493,38.006232
891,688,23.833822,38.025561
892,688,23.83469,38.026649
893,688,23.829416,38.06369
894,688,23.75752,38.062824
895,688,23.844354,37.861011
896,688,23.866825,38.105709
897,688,23.786001,38.084506
898,688,23.830133,38.040222
899,688,23.82003,38.108798
900,688,23.841775,38.135901
901,688,23.837296,38.029708
903,688,23.8382,38.128848
904,688,23.767865,38.108177
905,688,23.848675,38.023979
906,688,23.853233,37.867759
908,688,23.794927,38.005084
910,688,23.712719,37.955161
912,688,23.840749,38.131278
913,688,23.894107,38.10242
914,688,23.819498,38.08998
915,688,23.865322,37.998534
916,688,23.909436,37.868808
917,688,23.815979,38.102592
918,688,23.766133,38.107577
920,688,23.821406,38.013518
