863,690,23.761941,38.091251
864,690,23.857036,38.009849
865,690,23.881319,37.990242
866,690,23.87942,37.989372
867,690,23.885485,38.005157
869,690,23.768166,38.092017
870,690,23.793563,38.011359
870,690,23.793563,38.011359
872,690,23.756815,38.101451
874,690,23.874989,37.992152
876,690,23.811045,38.070255
878,690,23.838519,38.129238
879,690,23.894929,37.911891
880,690,23.658312,38.060615
882,690,23.809179,38.061832
883,690,23.860952,38.00051
884,690,23.830656,38.026229
885,690,23.898069,38.0196
887,690,23.944296,37.889255
888,690,23.84339,38.044563
889,690,23.794733,38.004802
891,690,23.834001,38.025939
892,690,23.836071,38.02811
893,690,23.789246,38.089309
894,690,23.759192,38.064944
895,690,23.879293,37.989444
896,690,23.835758,38.141013
897,690,23.78643,38.085048
898,690,23.830153,38.04016
899,690,23.814398,38.105403
900,690,23.765516,38.071029
901,690,23.837104,38.029696
903,690,23.8408,38.131236
904,690,23.768585,38.108806
905,690,23.881813,37.990612
906,690,23.854094,37.868537
908,690,23.798169,38.006484
910,690,23.71287,37.954101
912,690,23.840789,38.131209
913,690,23.841074,38.130973
914,690,23.820078,38.090568
915,690,23.868382,37.996883
916,690,23.910315,37.868698
917,690,23.758316,38.064037
918,690,23.767711,38.108294
920,690,23.881585,37.99158
