863,691,23.844517,38.140575
864,691,23.857036,38.00954
865,691,23.83457,38.012954
866,691,23.86018,38.001033
867,691,23.934793,37.979842
869,691,23.768995,38.092128
870,691,23.875896,38.003665
870,691,23.875896,38.003665
872,691,23.812444,38.073589
874,691,23.802706,38.00793
876,691,23.808721,38.040183
878,691,23.839458,38.130958
879,691,23.908859,37.868976
880,691,23.662521,38.060714
882,691,23.7726,38.035983
883,691,23.863022,37.949764
884,691,23.881229,37.990066
885,691,23.857447,38.00788
887,691,23.871726,38.005458
888,691,23.843371,38.044532
889,691,23.794264,38.004523
891,691,23.834251,38.026218
892,691,23.836441,38.028518
893,691,23.829378,38.11809
894,691,23.759821,38.066295
895,691,23.836822,38.02909
896,691,23.812692,38.101081
897,691,23.835962,38.059734
898,691,23.828821,38.013965
899,691,23.839911,38.132235
900,691,23.825935,38.139102
901,691,23.837104,38.029696
903,691,23.840829,38.131168
904,691,23.768586,38.108885
905,691,23.790712,38.002208
906,691,23.884423,38.003933
908,691,23.911325,37.868583
910,691,23.849106,37.97961
912,691,23.892706,38.233527
913,691,23.841002,38.131049
914,691,23.821518,38.091758
915,691,23.821943,38.013797
916,691,23.92102,37.870662
917,691,23.839651,38.050002
918,691,23.768221,38.108703
920,691,23.859996,38.022224
