863,694,23.755838,38.05899
864,694,23.858145,38.008769
865,694,23.881779,37.990531
866,694,23.880949,37.989673
867,694,23.806759,38.015483
869,694,23.771225,38.092437
870,694,23.793033,38.01155
870,694,23.793033,38.01155
872,694,23.811214,38.071788
874,694,23.801994,38.00761
876,694,23.811474,38.072074
878,694,23.770024,38.108226
879,694,23.894189,37.907531
880,694,23.672411,38.066856
882,694,23.80949,38.064003
883,694,23.864772,37.951453
884,694,23.845893,37.861694
885,694,23.898389,38.020477
887,694,23.950287,37.893405
888,694,23.83975,38.046604
889,694,23.793314,38.003925
891,694,23.838992,38.027499
892,694,23.84211,38.026027
893,694,23.701536,38.010974
894,694,23.76009,38.069545
895,694,23.79561,37.822231
896,694,23.872535,38.103927
897,694,23.835882,38.058703
898,694,23.834824,38.043281
899,694,23.814719,38.104453
900,694,23.725847,38.083946
901,694,23.836646,38.029029
903,694,23.767868,38.108268
904,694,23.768544,38.108848
905,694,23.847595,38.02206
906,694,23.855003,37.869265
908,694,23.801227,38.007254
910,694,23.71455,37.95365
912,694,23.892376,38.22972
913,694,23.840753,38.131484
914,694,23.824338,38.097827
915,694,23.874222,37.992752
916,694,23.909685,37.869029
917,694,23.758186,38.063815
918,694,23.768471,38.108852
920,694,23.881353,37.991649
