863,695,23.845766,38.142455
864,695,23.857965,38.00856
865,695,23.841459,38.010825
866,695,23.8579,38.001945
867,695,23.884365,38.004256
869,695,23.771475,38.092467
870,695,23.875937,38.003856
870,695,23.875937,38.003856
872,695,23.825536,38.099975
874,695,23.800794,38.007209
876,695,23.808901,38.041103
878,695,23.769764,38.107757
879,695,23.90811,37.868857
880,695,23.67526,38.068004
882,695,23.77151,38.034793
883,695,23.977239,38.015697
884,695,23.880655,37.98946
885,695,23.857918,38.007583
887,695,23.871727,38.005206
888,695,23.83989,38.048304
889,695,23.793073,38.003753
891,695,23.841881,38.02616
892,695,23.84277,38.026596
893,695,23.785856,38.084918
894,695,23.760089,38.069953
895,695,23.880573,37.989352
896,695,23.810543,38.09875
897,695,23.841043,38.130924
898,695,23.880847,37.989619
899,695,23.840789,38.133914
900,695,23.843006,38.043842
901,695,23.849335,37.979648
903,695,23.767738,38.1077
904,695,23.767843,38.108467
905,695,23.881832,37.9906
906,695,23.884492,38.003704
908,695,23.910055,37.868614
910,695,23.852246,37.97964
912,695,23.893794,38.226958
913,695,23.840575,38.131842
914,695,23.844619,38.141139
915,695,23.816685,38.012607
916,695,23.917601,37.868072
917,695,23.839182,38.051452
918,695,23.768593,38.108711
920,695,23.859657,38.024665
