863,698,23.754519,38.05717
864,698,23.857633,38.008071
865,698,23.854978,38.008563
866,698,23.881379,37.990092
867,698,23.805559,38.015601
869,698,23.773084,38.092697
870,698,23.792645,38.011149
870,698,23.792645,38.011149
872,698,23.824877,38.099246
874,698,23.799495,38.00703
876,698,23.812374,38.073806
878,698,23.767864,38.108387
879,698,23.89455,37.90393
880,698,23.679849,38.069267
882,698,23.8096,38.064643
883,698,23.873552,37.993552
884,698,23.847063,37.862254
885,698,23.806306,38.044955
887,698,23.860838,38.000609
888,698,23.839338,38.051326
889,698,23.791982,38.002791
891,698,23.84399,38.025981
892,698,23.848379,38.02336
893,698,23.831486,38.062671
894,698,23.759771,38.072165
895,698,23.838225,37.857829
896,698,23.874685,38.102836
897,698,23.789961,38.08979
898,698,23.880268,37.989059
899,698,23.814487,38.104293
900,698,23.859188,38.131484
901,698,23.836346,38.028587
903,698,23.766819,38.107871
904,698,23.767013,38.107914
905,698,23.847925,38.020777
906,698,23.855774,37.869796
908,698,23.806307,38.009284
910,698,23.852356,37.979652
912,698,23.895915,38.217838
913,698,23.842174,38.136646
914,698,23.825479,38.100947
915,698,23.880793,37.989532
916,698,23.909795,37.869391
917,698,23.809358,38.094584
918,698,23.767883,38.10844
920,698,23.859268,38.027755
