863,7,23.880986,38.216529
862,7,23.881277,37.990001
864,7,23.862871,37.999595
865,7,23.959879,38.159206
866,7,23.881563,37.990253
867,7,23.853233,37.990978
869,7,23.86986,38.122969
870,7,23.882922,37.987308
872,7,23.840662,38.131702
873,7,23.881928,37.990585
874,7,23.882253,37.990661
875,7,23.762426,38.019336
876,7,23.723761,38.079162
878,7,23.840887,38.130942
879,7,23.981756,38.062896
880,7,23.833263,38.121062
882,7,23.84104,38.130919
883,7,23.87296,37.994521
884,7,23.728392,38.015094
885,7,23.881811,37.990463
887,7,23.881475,37.991614
888,7,23.881207,37.98984
889,7,23.845415,38.139121
891,7,23.880591,37.989371
892,7,23.928858,37.848823
893,7,23.709129,38.013076
894,7,23.882023,37.990913
895,7,23.853315,37.966323
896,7,23.841055,38.130999
897,7,23.815191,38.103839
898,7,23.857461,38.008109
899,7,23.840399,38.131748
900,7,23.832352,38.120143
901,7,23.749889,38.02135
903,7,23.769001,38.109408
904,7,23.765343,38.107024
905,7,23.881802,37.990448
906,7,23.862431,37.974322
908,7,23.882432,37.985576
910,7,23.881236,37.98997
911,7,23.840439,38.131919
912,7,23.840527,38.131362
913,7,23.841137,38.130962
914,7,23.722309,38.07682
915,7,23.854579,38.000656
916,7,23.857128,38.002734
917,7,23.749034,38.096656
918,7,23.76762,38.107707
920,7,23.858058,38.008662
921,7,23.843644,38.011092
