863,700,23.824133,38.096938
864,700,23.855302,38.007171
865,700,23.85578,38.005904
866,700,23.722832,37.961375
867,700,23.927464,37.970123
869,700,23.774035,38.092845
870,700,23.8312,38.013827
870,700,23.8312,38.013827
872,700,23.809723,38.066008
874,700,23.797485,38.006389
876,700,23.823829,38.113685
878,700,23.767873,38.108725
879,700,23.839967,38.04626
880,700,23.68047,38.069499
882,700,23.817049,38.087523
883,700,23.874552,37.992561
884,700,23.847464,37.862556
885,700,23.804487,38.043014
887,700,23.872735,38.004954
888,700,23.839159,38.051986
889,700,23.791183,38.00233
891,700,23.84762,38.025241
892,700,23.846129,38.01998
893,700,23.782547,38.080546
894,700,23.760492,38.074153
895,700,23.881073,37.989802
896,700,23.877305,38.102546
897,700,23.79084,38.09101
898,700,23.839203,38.04644
899,700,23.813438,38.103801
900,700,23.824036,38.098499
901,700,23.836206,38.028388
903,700,23.84104,38.130897
904,700,23.767935,38.108664
905,700,23.881841,37.990569
906,700,23.856933,37.870586
908,700,23.908656,37.868843
910,700,23.715151,37.9551
912,700,23.898016,38.211677
913,700,23.845053,38.138377
914,700,23.825779,38.103167
915,700,23.881332,37.990042
916,700,23.909795,37.869391
917,700,23.839182,38.051501
918,700,23.767263,38.107879
920,700,23.859108,38.030746
