863,702,23.758602,38.090053
864,702,23.856314,38.004253
865,702,23.85626,38.003257
866,702,23.881408,37.990054
867,702,23.805038,38.01472
869,702,23.774825,38.093448
870,702,23.792324,38.01062
870,702,23.792324,38.01062
872,702,23.763686,38.106044
874,702,23.796894,38.00621
876,702,23.812194,38.074637
878,702,23.767973,38.108837
879,702,23.89543,37.902961
880,702,23.686119,38.070872
882,702,23.81084,38.067474
883,702,23.877012,37.990951
884,702,23.848644,37.863597
885,702,23.803127,38.042343
887,702,23.963238,37.895358
888,702,23.842849,38.054297
889,702,23.788874,38.001583
891,702,23.851989,38.02566
892,702,23.845949,38.019321
893,702,23.831234,38.118975
894,702,23.761652,38.075244
895,702,23.762769,37.986037
896,702,23.805773,38.082534
897,702,23.79282,38.093569
898,702,23.816471,38.012519
899,702,23.810648,38.102615
900,702,23.838509,38.051807
901,702,23.836015,38.028129
903,702,23.769924,38.104403
904,702,23.768625,38.107715
905,702,23.841896,38.027656
906,702,23.857044,37.870704
908,702,23.881071,37.989864
910,702,23.881906,37.990542
912,702,23.893986,38.208976
913,702,23.845392,38.138999
914,702,23.826038,38.104869
915,702,23.881351,37.990042
916,702,23.911562,37.867629
917,702,23.812087,38.100371
918,702,23.766844,38.10791
920,702,23.822201,38.033019
