863,707,23.821733,38.092178
864,707,23.871214,37.995643
865,707,23.880775,37.989284
866,707,23.724302,37.961646
867,707,23.922484,37.966091
869,707,23.790325,38.111846
870,707,23.869646,38.005546
870,707,23.869646,38.005546
872,707,23.822666,38.093658
874,707,23.794506,38.004825
876,707,23.823639,38.112193
878,707,23.765153,38.107135
879,707,23.906849,37.868648
880,707,23.698879,38.07083
882,707,23.7714,38.034782
883,707,23.881382,37.990188
884,707,23.872057,37.995403
885,707,23.897371,38.022625
887,707,23.858068,38.005859
888,707,23.836008,38.059459
889,707,23.783905,37.998745
891,707,23.860359,38.01863
892,707,23.880844,37.995559
893,707,23.834244,38.122028
894,707,23.762202,38.079554
895,707,23.765061,37.985969
896,707,23.841158,38.134929
897,707,23.838533,38.051658
898,707,23.889878,37.983981
899,707,23.845411,38.139087
900,707,23.759987,38.068839
901,707,23.850233,37.989291
903,707,23.767242,38.109553
904,707,23.768744,38.107631
905,707,23.789282,38.001678
906,707,23.880232,37.999279
908,707,23.814775,38.012046
910,707,23.723452,37.96186
912,707,23.883045,38.210063
913,707,23.846443,38.142783
914,707,23.840982,38.130767
915,707,23.881363,37.990051
916,707,23.910682,37.86848
917,707,23.810428,38.09814
918,707,23.767887,38.108283
920,707,23.857798,38.031459
