863,710,23.821573,38.091907
864,710,23.880165,37.988925
865,710,23.880425,37.989024
866,710,23.724302,37.961708
867,710,23.922484,37.966091
869,710,23.793844,38.125659
870,710,23.792176,38.010589
870,710,23.792176,38.010589
872,710,23.821526,38.091819
874,710,23.878738,37.989784
876,710,23.821098,38.109653
878,710,23.763652,38.105983
879,710,23.90279,37.90092
880,710,23.70907,38.069152
882,710,23.76849,38.03506
883,710,23.881262,37.990158
884,710,23.867188,37.997634
885,710,23.804487,38.041252
887,710,23.858509,38.007289
888,710,23.833678,38.06161
889,710,23.778925,37.995368
891,710,23.85768,38.011821
892,710,23.848469,38.01781
893,710,23.772217,38.073757
894,710,23.763512,38.085578
895,710,23.836153,38.028167
896,710,23.807232,38.084945
897,710,23.813459,38.10324
898,710,23.893938,37.9812
899,710,23.798578,38.097865
900,710,23.841366,38.042911
901,710,23.834844,38.0269
903,710,23.768802,38.107051
904,710,23.769544,38.107604
905,710,23.788761,38.001449
906,710,23.860483,37.873004
908,710,23.815215,38.012157
910,710,23.850536,37.988235
912,710,23.873495,38.209945
913,710,23.84058,38.131599
914,710,23.828989,38.115921
915,710,23.793875,38.004523
916,710,23.90811,37.868728
917,710,23.841331,38.053371
918,710,23.768728,38.107463
920,710,23.881353,37.99124
