863,711,23.74996,38.051132
864,711,23.881325,37.990035
865,711,23.871061,37.995773
866,711,23.857392,38.010562
867,711,23.802238,38.01374
869,711,23.795226,38.12538
870,711,23.867716,38.005904
870,711,23.867716,38.005904
872,711,23.765959,38.107078
874,711,23.793837,38.004383
876,711,23.757598,38.063026
878,711,23.763492,38.105842
879,711,23.839758,38.046409
880,711,23.710489,38.068992
882,711,23.816107,38.088412
883,711,23.902914,37.963234
884,711,23.850154,37.864936
885,711,23.897121,38.023086
887,711,23.976037,37.893569
888,711,23.762581,38.041331
889,711,23.776505,37.993537
891,711,23.857159,38.009681
892,711,23.880464,38.000648
893,711,23.821728,38.110289
894,711,23.762761,38.086646
895,711,23.767151,37.98801
896,711,23.840038,38.131957
897,711,23.839573,38.049487
898,711,23.808401,38.010322
899,711,23.845411,38.139087
900,711,23.727507,38.083717
901,711,23.851473,37.991691
903,711,23.767782,38.110755
904,711,23.769505,38.107585
905,711,23.855616,38.01068
906,711,23.881942,37.991538
908,711,23.879843,37.989181
910,711,23.72479,37.962821
912,711,23.871115,38.209323
913,711,23.839791,38.131919
914,711,23.829139,38.116229
915,711,23.791404,38.002605
916,711,23.908232,37.868579
917,711,23.83923,38.046679
918,711,23.768648,38.106975
920,711,23.857188,38.031699
