863,712,23.750213,38.08636
864,712,23.881405,37.990073
865,712,23.880326,37.989063
866,712,23.852609,37.998881
867,712,23.883144,38.003684
869,712,23.797785,38.120731
870,712,23.82367,38.01382
870,712,23.82367,38.01382
872,712,23.809193,38.057418
874,712,23.880409,37.989174
876,712,23.814304,38.08034
878,712,23.763083,38.105811
879,712,23.897135,37.996127
880,712,23.710668,38.069011
882,712,23.835356,38.122985
883,712,23.783474,38.009631
884,712,23.862898,37.999656
885,712,23.806118,38.040603
887,712,23.875616,38.004138
888,712,23.830017,38.063461
889,712,23.772504,37.991637
891,712,23.858158,38.00891
892,712,23.85138,38.017662
893,712,23.837355,38.12714
894,712,23.761582,38.087558
895,712,23.829675,37.851199
896,712,23.886436,38.099978
897,712,23.815069,38.10385
898,712,23.846003,38.04264
899,712,23.794248,38.095588
900,712,23.842236,38.136714
901,712,23.833994,38.0261
903,712,23.768193,38.107643
904,712,23.769505,38.107573
905,712,23.837316,38.029659
906,712,23.861173,37.873374
908,712,23.906845,37.868663
910,712,23.849846,37.990493
912,712,23.868494,38.207122
913,712,23.83865,38.129829
914,712,23.829781,38.117469
915,712,23.788775,38.001704
916,712,23.906999,37.868659
917,712,23.809578,38.09518
918,712,23.769037,38.106734
920,712,23.836538,38.012405
