863,713,23.821523,38.091777
864,713,23.881405,37.990085
865,713,23.873851,37.993122
866,713,23.725083,37.962318
867,713,23.922304,37.96598
869,713,23.800144,38.116481
870,713,23.871704,38.005179
870,713,23.871704,38.005179
872,713,23.821365,38.09167
874,713,23.793778,38.004321
876,713,23.817278,38.105952
878,713,23.761393,38.105601
879,713,23.906971,37.898421
880,713,23.711088,38.06908
882,713,23.812189,38.07286
883,713,23.881382,37.990237
884,713,23.850784,37.865497
885,713,23.808187,38.039623
887,713,23.859879,38.007289
888,713,23.762991,38.041664
889,713,23.770534,37.990409
891,713,23.858078,38.00869
892,713,23.880634,38.001899
893,713,23.833414,38.061702
894,713,23.760481,38.088439
895,713,23.80072,37.826431
896,713,23.810023,38.085986
897,713,23.839672,38.048457
898,713,23.898148,37.97848
899,713,23.759914,38.068813
900,713,23.796684,38.092166
901,713,23.855303,37.990031
903,713,23.767763,38.111007
904,713,23.769115,38.107635
905,713,23.788601,38.001411
906,713,23.881252,37.990088
908,713,23.817895,38.012877
910,713,23.72698,37.964622
912,713,23.864605,38.206344
913,713,23.836581,38.125419
914,713,23.834199,38.121929
915,713,23.788445,38.001605
916,713,23.906983,37.868408
917,713,23.80937,38.088004
918,713,23.769046,38.106746
920,713,23.8202,38.034648
