863,715,23.746754,38.084841
864,715,23.881405,37.990005
865,715,23.880493,37.989193
866,715,23.851759,37.999061
867,715,23.882664,38.003795
869,715,23.804985,38.107791
870,715,23.865906,38.006206
870,715,23.865906,38.006206
872,715,23.811823,38.055308
874,715,23.793337,38.00397
876,715,23.815023,38.082351
878,715,23.758593,38.104201
879,715,23.911551,37.89585
880,715,23.710678,38.070548
882,715,23.764549,38.036029
883,715,23.783254,38.009711
884,715,23.851204,37.865867
885,715,23.809038,38.041873
887,715,23.875946,38.004058
888,715,23.826708,38.06615
889,715,23.767484,37.988387
891,715,23.857866,38.00838
892,715,23.880653,38.00196
893,715,23.766657,38.071517
894,715,23.758251,38.089858
895,715,23.76967,37.989688
896,715,23.840448,38.131866
897,715,23.838572,38.046027
898,715,23.849552,38.040469
899,715,23.845452,38.139297
900,715,23.824441,38.098174
901,715,23.833235,38.025031
903,715,23.767763,38.111125
904,715,23.767186,38.106868
905,715,23.855215,38.008639
906,715,23.881342,37.990119
908,715,23.97646,38.013919
910,715,23.728361,37.96564
912,715,23.846431,38.142837
913,715,23.894139,38.102729
914,715,23.839091,38.13058
915,715,23.783785,37.998825
916,715,23.906862,37.868618
917,715,23.842131,38.05461
918,715,23.769087,38.106823
920,715,23.857168,38.031699
