863,716,23.820974,38.091308
864,716,23.881355,37.990005
865,716,23.880121,37.989021
866,716,23.726463,37.963428
867,716,23.920605,37.9663
869,716,23.807066,38.106631
870,716,23.822409,38.013751
870,716,23.822409,38.013751
872,716,23.820625,38.09117
874,716,23.881309,37.990123
876,716,23.811428,38.102843
878,716,23.757033,38.101752
879,716,23.839608,38.046527
880,716,23.709278,38.072077
882,716,23.812359,38.073691
883,716,23.906754,37.964873
884,716,23.857948,38.00201
885,716,23.809298,38.044624
887,716,23.860378,38.007251
888,716,23.76197,38.041892
889,716,23.767004,37.988018
891,716,23.857827,38.008319
892,716,23.85327,38.014709
893,716,23.817398,38.10609
894,716,23.75563,38.088699
895,716,23.828856,37.849238
896,716,23.887957,38.098357
897,716,23.817339,38.106231
898,716,23.902398,37.975712
899,716,23.790629,38.091086
900,716,23.824135,38.098449
901,716,23.859153,37.98833
903,716,23.768412,38.108722
904,716,23.766994,38.106837
905,716,23.787561,38.001059
906,716,23.862434,37.874034
908,716,23.820357,38.013549
910,716,23.850526,37.995895
912,716,23.857784,38.203205
913,716,23.829371,38.117229
914,716,23.84061,38.131659
915,716,23.782256,37.997604
916,716,23.90685,37.868628
917,716,23.837619,38.045299
918,716,23.769086,38.106742
920,716,23.837598,38.011936
