863,721,23.745353,38.085613
864,721,23.874985,37.992393
865,721,23.876343,37.991493
866,721,23.847859,37.99697
867,721,23.882034,38.003817
869,721,23.818917,38.107841
870,721,23.775709,38.004272
870,721,23.775709,38.004272
872,721,23.810482,38.05244
874,721,23.791296,38.002475
876,721,23.760028,38.067763
878,721,23.75301,38.093902
879,721,23.919929,37.890551
880,721,23.690929,38.079544
882,721,23.811975,38.088024
883,721,23.786224,38.012111
884,721,23.852603,37.867187
885,721,23.877789,37.990302
887,721,23.877467,38.003825
888,721,23.821027,38.068962
889,721,23.761686,37.98532
891,721,23.861745,38.006995
892,721,23.883723,38.00209
893,721,23.811197,38.102759
894,721,23.745328,38.086612
895,721,23.835723,38.027668
896,721,23.807253,38.080627
897,721,23.83477,38.045318
898,721,23.855881,38.03461
899,721,23.758884,38.064731
900,721,23.82695,38.114768
901,721,23.828264,38.023333
903,721,23.767612,38.112654
904,721,23.766024,38.107097
905,721,23.854875,38.007746
906,721,23.866526,37.876391
908,721,23.97807,38.01662
910,721,23.729132,37.966372
912,721,23.845382,38.139716
913,721,23.82902,38.114966
914,721,23.841004,38.130755
915,721,23.773414,37.992042
916,721,23.9092,37.868869
917,721,23.83699,38.044818
918,721,23.767754,38.108318
920,721,23.820719,38.034206
