863,722,23.819954,38.090419
864,722,23.875484,37.993373
865,722,23.881222,37.990661
866,722,23.726743,37.963977
867,722,23.915064,37.967643
869,722,23.823467,38.112392
870,722,23.866913,38.006037
870,722,23.866913,38.006037
872,722,23.819325,38.089889
874,722,23.790056,38.002093
876,722,23.816414,38.08649
878,722,23.755519,38.092063
879,722,23.897255,37.995044
880,722,23.717339,38.080181
882,722,23.763279,38.037147
883,722,23.904894,37.972618
884,722,23.857359,37.99765
885,722,23.816958,38.041343
887,722,23.861029,38.00994
888,722,23.75861,38.045261
889,722,23.761627,37.98532
891,722,23.861866,38.005713
892,722,23.857569,38.009215
893,722,23.840555,38.131732
894,722,23.745259,38.086971
895,722,23.775391,37.992816
896,722,23.805401,38.087283
897,722,23.827229,38.115634
898,722,23.905578,37.969902
899,722,23.791477,38.092258
900,722,23.759987,38.068759
901,722,23.784888,38.009337
903,722,23.840839,38.131305
904,722,23.765993,38.107189
905,722,23.786621,38.000591
906,722,23.715998,37.957088
908,722,23.823436,38.013736
910,722,23.852568,37.998916
912,722,23.848545,38.140364
913,722,23.836414,38.044528
914,722,23.840923,38.131225
915,722,23.881914,37.990581
916,722,23.910021,37.86864
917,722,23.809109,38.09011
918,722,23.768374,38.108779
920,722,23.881502,37.993084
