863,725,23.819723,38.090179
864,725,23.873335,37.99546
865,725,23.881538,37.990085
866,725,23.728504,37.965045
867,725,23.911394,37.968223
869,725,23.831056,38.118953
870,725,23.816409,38.012451
870,725,23.816409,38.012451
872,725,23.818655,38.089438
874,725,23.787008,38.001182
876,725,23.7629,38.069572
878,725,23.759389,38.090484
879,725,23.925099,37.886383
880,725,23.725859,38.08432
882,725,23.811796,38.087986
883,725,23.791093,38.015392
884,725,23.853613,37.868129
885,725,23.881128,37.989825
887,725,23.82611,38.057498
888,725,23.75548,38.047679
889,725,23.760748,37.985252
891,725,23.861995,38.000651
892,725,23.857988,38.008845
893,725,23.804587,38.100131
894,725,23.745117,38.086448
895,725,23.835523,38.027469
896,725,23.807343,38.078246
897,725,23.830087,38.118694
898,725,23.905698,37.968742
899,725,23.757605,38.063102
900,725,23.833161,38.139621
901,725,23.784857,38.009307
903,725,23.766521,38.112476
904,725,23.768446,38.107692
905,725,23.785671,38.000072
906,725,23.867037,37.876705
908,725,23.824636,38.013785
910,725,23.729151,37.966483
912,725,23.848585,38.140113
913,725,23.825868,38.110557
914,725,23.840254,38.131797
915,725,23.770784,37.99073
916,725,23.907772,37.86927
917,725,23.83819,38.058162
918,725,23.769056,38.106833
920,725,23.820709,38.034217
