863,73,23.840397,38.131629
862,73,23.844869,38.012569
864,73,23.870297,37.995768
865,73,23.905796,38.002597
866,73,23.860935,38.00727
867,73,23.854846,37.997935
869,73,23.824617,38.098491
870,73,23.799538,38.006934
870,73,23.799538,38.006934
872,73,23.776384,38.091281
873,73,23.891785,38.010513
874,73,23.837127,38.012165
875,73,23.758158,38.046783
876,73,23.732884,38.089229
878,73,23.756121,38.100463
879,73,23.968073,38.170589
880,73,23.725736,38.085131
882,73,23.841053,38.130969
883,73,23.876198,37.995006
884,73,23.833126,38.013961
885,73,23.877703,37.990478
887,73,23.900463,37.963012
888,73,23.838263,38.128925
889,73,23.819935,38.100471
891,73,23.867253,37.997611
892,73,23.930952,37.874439
893,73,23.708439,38.011557
894,73,23.86026,38.016559
895,73,23.866928,37.984874
896,73,23.82164,38.091868
897,73,23.756776,38.061332
898,73,23.879647,37.989242
899,73,23.840868,38.130813
900,73,23.856836,38.033851
901,73,23.788508,38.024357
903,73,23.827198,38.115718
904,73,23.765307,38.106944
905,73,23.879933,37.989142
906,73,23.851284,38.009407
908,73,23.880508,37.985473
910,73,23.834312,38.013164
911,73,23.809426,38.044448
912,73,23.845452,38.13922
913,73,23.80753,38.076861
914,73,23.829416,38.118159
915,73,23.881081,37.990291
916,73,23.900005,37.963134
917,73,23.841046,38.130893
918,73,23.768722,38.107158
920,73,23.857655,38.011722
921,73,23.904152,37.90034
