863,731,23.818912,38.089396
864,731,23.859846,38.001338
865,731,23.881348,37.990092
866,731,23.732004,37.966808
867,731,23.905915,37.969493
869,731,23.840957,38.13119
870,731,23.776748,38.00164
870,731,23.776748,38.00164
872,731,23.80335,38.041556
874,731,23.777156,38.001422
876,731,23.791357,38.092052
878,731,23.7761,38.091387
879,731,23.881788,37.990661
880,731,23.727207,38.097999
882,731,23.811026,38.087813
883,731,23.794976,38.017101
884,731,23.856453,37.87022
885,731,23.897291,38.022815
887,731,23.881371,37.990142
888,731,23.750589,38.049487
889,731,23.758177,37.98722
891,731,23.874197,37.99277
892,731,23.884394,38.00418
893,731,23.835994,38.060424
894,731,23.902196,38.002945
895,731,23.815996,37.841445
896,731,23.884528,38.095245
897,731,23.833958,38.121726
898,731,23.849428,37.979652
899,731,23.850783,38.147887
900,731,23.823751,38.095424
901,731,23.814123,38.020614
903,731,23.836967,38.126059
904,731,23.767925,38.108691
905,731,23.784292,37.999129
906,731,23.867857,37.877223
908,731,23.831818,38.013538
910,731,23.730101,37.967235
912,731,23.845314,38.138953
913,731,23.825868,38.106246
914,731,23.841011,38.130916
915,731,23.760594,37.985092
916,731,23.909353,37.870361
917,731,23.835141,38.045257
918,731,23.768644,38.108795
920,731,23.8401,38.010932
