863,732,23.756448,38.047209
864,732,23.857896,38.00341
865,732,23.867012,37.997752
866,732,23.857785,38.007633
867,732,23.905664,37.970714
869,732,23.841118,38.130889
870,732,23.861693,38.00711
870,732,23.861693,38.00711
872,732,23.818313,38.087539
874,732,23.776426,38.001052
876,732,23.773339,38.073829
878,732,23.77931,38.091549
879,732,23.834748,38.043132
880,732,23.728397,38.098468
882,732,23.837076,38.126205
883,732,23.885124,37.986678
884,732,23.822336,38.032931
885,732,23.825567,38.042373
887,732,23.860388,38.012637
888,732,23.820758,38.07732
889,732,23.758118,37.987232
891,732,23.877527,37.990539
892,732,23.973752,38.012134
893,732,23.759885,38.067188
894,732,23.843052,38.027217
895,732,23.80253,37.831561
896,732,23.805062,38.075515
897,732,23.837145,38.126453
898,732,23.859202,38.028419
899,732,23.77165,38.073524
900,732,23.823996,38.09656
901,732,23.872156,37.989684
903,732,23.834648,38.122458
904,732,23.767935,38.108703
905,732,23.858856,38.001949
906,732,23.715798,37.956458
908,732,23.870243,37.991008
910,732,23.7304,37.967384
912,732,23.849336,38.139693
913,732,23.845884,38.05138
914,732,23.840941,38.130965
915,732,23.882013,37.990611
916,732,23.90954,37.869258
917,732,23.811647,38.087997
918,732,23.768684,38.108776
920,732,23.880623,38.001544
