863,733,23.739852,38.08987
864,733,23.858147,38.00603
865,733,23.881891,37.990523
866,733,23.84449,37.997158
867,733,23.877294,38.006854
869,733,23.841078,38.130927
870,733,23.788623,38.009967
870,733,23.788623,38.009967
872,733,23.768558,38.108825
874,733,23.774056,38.001891
876,733,23.817385,38.088039
878,733,23.78311,38.091216
879,733,23.929947,37.88829
880,733,23.728438,38.100886
882,733,23.802835,38.055423
883,733,23.795095,38.017219
884,733,23.85034,37.998046
885,733,23.897332,38.022575
887,733,23.995437,37.891063
888,733,23.7507,38.049708
889,733,23.757457,37.987342
891,733,23.880367,37.989028
892,733,23.857388,38.007933
893,733,23.793167,38.094351
894,733,23.899347,38.003284
895,733,23.881243,37.989982
896,733,23.797801,38.089934
897,733,23.836817,38.125835
898,733,23.907728,37.968193
899,733,23.755233,38.060222
900,733,23.749618,38.050803
901,733,23.810843,38.019904
903,733,23.831647,38.11938
904,733,23.768554,38.108692
905,733,23.782972,37.998039
906,733,23.867956,37.877284
908,733,23.982291,38.021342
910,733,23.881647,37.990371
912,733,23.853103,38.182395
913,733,23.825819,38.103797
914,733,23.841011,38.131004
915,733,23.760014,37.984893
916,733,23.908832,37.870479
917,733,23.807182,38.079562
918,733,23.768572,38.108786
920,733,23.853209,38.036788
