863,734,23.818312,38.089058
864,734,23.858366,38.006862
865,734,23.862911,37.999672
866,734,23.732023,37.966838
867,734,23.800728,38.01419
869,734,23.841068,38.131099
870,734,23.861216,38.010448
870,734,23.861216,38.010448
872,734,23.8053,38.041095
874,734,23.773506,38.002113
876,734,23.791337,38.092033
878,734,23.786801,38.091327
879,734,23.881788,37.990649
880,734,23.728378,38.100985
882,734,23.814186,38.079711
883,734,23.882204,37.98796
884,734,23.857183,37.870731
885,734,23.828667,38.043891
887,734,23.879167,38.003803
888,734,23.819988,38.079761
889,734,23.756347,37.987502
891,734,23.881438,37.99015
892,734,23.885794,38.00534
893,734,23.841075,38.130919
894,734,23.843283,38.026466
895,734,23.834833,38.026729
896,734,23.801911,38.075706
897,734,23.834964,38.122763
898,734,23.851469,37.979682
899,734,23.783259,38.081619
900,734,23.839579,38.049667
901,734,23.873976,37.991546
903,734,23.829818,38.118571
904,734,23.768545,38.108875
905,734,23.862536,37.999797
906,734,23.715498,37.956168
908,734,23.834208,38.013027
910,734,23.730881,37.967784
912,734,23.842584,38.137484
913,734,23.850665,38.05231
914,734,23.84078,38.131354
915,734,23.881883,37.990561
916,734,23.907922,37.87049
917,734,23.751946,38.051422
918,734,23.767922,38.108596
920,734,23.84181,38.010711
