863,735,23.756849,38.04697
864,735,23.858375,38.006873
865,735,23.881901,37.990542
866,735,23.844509,37.997066
867,735,23.880806,38.003265
869,735,23.841059,38.131118
870,735,23.812729,38.011642
870,735,23.812729,38.011642
872,735,23.818625,38.08475
874,735,23.773487,38.002113
876,735,23.778519,38.076271
878,735,23.78935,38.091357
879,735,23.832518,38.041442
880,735,23.728378,38.100948
882,735,23.761078,38.038405
883,735,23.795406,38.017497
884,735,23.822246,38.033073
885,735,23.897331,38.022655
887,735,23.826092,38.057498
888,735,23.75132,38.05025
889,735,23.756317,37.987533
891,735,23.881788,37.99047
892,735,23.968413,38.010223
893,735,23.835884,38.059882
894,735,23.896057,38.003852
895,735,23.785242,37.999682
896,735,23.886168,38.094245
897,735,23.838235,38.128833
898,735,23.803629,38.008227
899,735,23.854072,38.151138
900,735,23.840376,38.130805
901,735,23.810072,38.019745
903,735,23.828258,38.11679
904,735,23.767944,38.108642
905,735,23.782892,37.998
906,735,23.868906,37.878036
908,735,23.871702,37.992557
910,735,23.881598,37.990371
912,735,23.847837,38.139583
913,735,23.825668,38.101768
914,735,23.840459,38.131794
915,735,23.759014,37.983753
916,735,23.907263,37.870411
917,735,23.836021,38.059662
918,735,23.76789,38.108004
920,735,23.881462,38.002425
