863,736,23.739492,38.089881
864,736,23.858496,38.007255
865,736,23.859741,38.001392
866,736,23.732933,37.967029
867,736,23.904394,37.973685
869,736,23.840719,38.131606
870,736,23.776649,38.001151
870,736,23.776649,38.001151
872,736,23.768598,38.108836
874,736,23.772028,38.000663
876,736,23.818344,38.089068
878,736,23.791241,38.092349
879,736,23.931366,37.887699
880,736,23.728409,38.100589
882,736,23.810384,38.087684
883,736,23.881084,37.989761
884,736,23.84844,37.997256
885,736,23.829416,38.04264
887,736,23.88134,37.990142
888,736,23.819007,38.08311
889,736,23.754966,37.987785
891,736,23.881838,37.99047
892,736,23.855247,38.008605
893,736,23.759605,38.065658
894,736,23.844593,38.025775
895,736,23.812397,37.839317
896,736,23.795942,38.092284
897,736,23.834011,38.044929
898,736,23.859612,38.024997
899,736,23.765301,38.070964
900,736,23.847727,38.139392
901,736,23.876196,37.991324
903,736,23.825888,38.11444
904,736,23.768564,38.108912
905,736,23.866465,37.997988
906,736,23.714629,37.955299
908,736,23.982749,38.022514
910,736,23.73089,37.967796
912,736,23.854273,38.178287
913,736,23.854275,38.053062
914,736,23.840299,38.131595
915,736,23.756344,37.982131
916,736,23.907193,37.87033
917,736,23.834671,38.045318
918,736,23.767521,38.107894
920,736,23.850869,38.039409
