863,739,23.738891,38.089892
864,739,23.860355,38.007366
865,739,23.857891,38.003333
866,739,23.733192,37.967201
867,739,23.880346,38.000175
869,739,23.842348,38.136904
870,739,23.860735,38.012317
870,739,23.860735,38.012317
872,739,23.80741,38.040065
874,739,23.769577,37.998534
876,739,23.819544,38.089988
878,739,23.797321,38.09751
879,739,23.831108,38.040401
880,739,23.733269,38.097678
882,739,23.814867,38.081993
883,739,23.881365,37.98997
884,739,23.847,37.996875
885,739,23.896912,38.023654
887,739,23.826012,38.057147
888,739,23.750669,38.051509
889,739,23.748848,37.988914
891,739,23.881929,37.990592
892,739,23.855017,38.007514
893,739,23.706225,38.012435
894,739,23.887237,38.004061
895,739,23.833902,38.025779
896,739,23.794021,38.094795
897,739,23.833762,38.044738
898,739,23.852319,37.979712
899,739,23.855743,38.154018
900,739,23.823633,38.113387
901,739,23.809171,38.019534
903,739,23.76645,38.111693
904,739,23.768534,38.108943
905,739,23.777764,37.994578
906,739,23.869667,37.878718
908,739,23.983009,38.023635
910,739,23.73168,37.969455
912,739,23.855084,38.174048
913,739,23.854284,38.053062
914,739,23.714179,38.071334
915,739,23.753935,37.980048
916,739,23.908825,37.87041
917,739,23.751415,38.05041
918,739,23.768684,38.108776
920,739,23.848278,38.041518
