863,740,23.818142,38.087791
864,740,23.860626,38.007773
865,740,23.88184,37.990612
866,740,23.881407,37.990256
867,740,23.901345,37.976394
869,740,23.845287,38.138504
870,740,23.810918,38.011272
870,740,23.810918,38.011272
872,740,23.820385,38.078349
874,740,23.769497,37.998443
876,740,23.790819,38.092002
878,740,23.800851,38.098892
879,740,23.935446,37.886008
880,740,23.736498,38.09774
882,740,23.73326,38.10406
883,740,23.796717,38.017318
884,740,23.858723,37.871822
885,740,23.829916,38.040801
887,740,23.879887,38.003803
888,740,23.818536,38.08686
889,740,23.745058,37.989616
891,740,23.881368,37.990153
892,740,23.887853,38.008373
893,740,23.758646,38.064547
894,740,23.847273,38.025344
895,740,23.789211,38.001571
896,740,23.801701,38.075423
897,740,23.829754,38.118232
898,740,23.860072,38.021605
899,740,23.760129,38.068893
900,740,23.840154,38.131523
901,740,23.880636,37.989467
903,740,23.823399,38.111857
904,740,23.768553,38.109244
905,740,23.874917,37.992297
906,740,23.706108,37.948619
908,740,23.892885,38.004406
910,740,23.857477,37.997619
912,740,23.840435,38.131903
913,740,23.824978,38.099349
914,740,23.839399,38.131046
915,740,23.881752,37.990367
916,740,23.909275,37.870318
917,740,23.836302,38.06058
918,740,23.768704,38.108684
920,740,23.850059,38.00949
