863,742,23.738411,38.089881
864,742,23.861147,38.011195
865,742,23.85828,38.006411
866,742,23.882106,37.990879
867,742,23.800746,38.01699
869,742,23.845608,38.139403
870,742,23.855873,38.00838
870,742,23.855873,38.00838
872,742,23.820444,38.078098
874,742,23.768667,37.997081
876,742,23.821354,38.091517
878,742,23.808733,38.102069
879,742,23.937117,37.885337
880,742,23.737528,38.099589
882,742,23.810214,38.087653
883,742,23.804236,38.01826
884,742,23.84533,37.996856
885,742,23.858328,38.007522
887,742,24.001848,37.888122
888,742,23.751489,38.052348
889,742,23.740518,37.990428
891,742,23.881578,37.990424
892,742,23.855907,38.006034
893,742,23.835614,38.058974
894,742,23.848972,38.025035
895,742,23.80266,37.831924
896,742,23.793473,38.096785
897,742,23.833271,38.044429
898,742,23.85235,37.979712
899,742,23.779499,38.077419
900,742,23.839977,38.043971
901,742,23.808462,38.019374
903,742,23.816,38.104885
905,742,23.879415,37.989379
906,742,23.701668,37.945198
908,742,23.869802,37.996158
910,742,23.858097,37.99866
912,742,23.856203,38.169547
913,742,23.855094,38.054332
914,742,23.839169,38.130847
915,742,23.881993,37.990527
916,742,23.907945,37.869339
917,742,23.815406,38.088626
918,742,23.767521,38.107978
920,742,23.848058,38.041659
