863,744,23.759491,38.043899
864,744,23.860308,38.013515
865,744,23.875404,37.99211
866,744,23.881657,37.992549
867,744,23.897563,37.978812
869,744,23.849588,38.139483
870,744,23.860464,38.013968
870,744,23.860464,38.013968
872,744,23.821005,38.076557
874,744,23.768127,37.996058
876,744,23.78855,38.087928
878,744,23.814622,38.105559
879,744,23.937767,37.885035
880,744,23.741237,38.102351
882,744,23.803966,38.054874
883,744,23.807776,38.018581
884,744,23.819976,38.034893
885,744,23.896903,38.023834
887,744,23.825431,38.055495
888,744,23.752619,38.054297
889,744,23.738188,37.99076
891,744,23.882058,37.990771
892,744,23.952013,38.005462
893,744,23.758575,38.064437
894,744,23.848652,38.023955
895,744,23.792221,38.002891
896,744,23.795023,38.096965
897,744,23.840847,38.131324
898,744,23.860291,38.017715
899,744,23.7596,38.069114
900,744,23.845445,38.139155
901,744,23.877256,38.006443
903,744,23.76655,38.111152
905,744,23.771574,37.991187
906,744,23.698848,37.943958
908,744,23.890646,38.004604
910,744,23.858078,38.00096
912,744,23.856582,38.165626
913,744,23.844933,38.140082
914,744,23.838369,38.129299
915,744,23.881314,37.990112
916,744,23.906897,37.868609
917,744,23.751026,38.049682
918,744,23.768091,38.108798
920,744,23.88459,38.002967
