863,746,23.819021,38.083011
864,746,23.860317,38.017307
865,746,23.875805,37.993782
866,746,23.880737,37.99591
867,746,23.881077,37.994884
869,746,23.856287,38.136615
870,746,23.781719,38.002662
870,746,23.781719,38.002662
872,746,23.821045,38.076095
874,746,23.767627,37.994987
876,746,23.785198,38.090793
878,746,23.821192,38.110019
879,746,23.937307,37.884346
880,746,23.747868,38.097549
882,746,23.733478,38.10512
883,746,23.811346,38.0172
884,746,23.860773,37.873168
885,746,23.830095,38.040271
887,746,24.004428,37.886691
888,746,23.753939,38.056258
889,746,23.737558,37.99086
891,746,23.88133,37.994159
892,746,23.892143,38.010742
893,746,23.837093,38.058906
894,746,23.847511,38.022006
895,746,23.80269,37.831935
896,746,23.802193,38.099254
897,746,23.823666,38.113353
898,746,23.800198,38.007117
899,746,23.780218,38.077307
900,746,23.858389,38.121013
901,746,23.784087,38.009406
903,746,23.767349,38.111071
905,746,23.880776,37.989589
906,746,23.700609,37.943557
908,746,23.867061,37.997668
910,746,23.732661,37.97055
912,746,23.856483,38.161888
913,746,23.823806,38.095748
914,746,23.837398,38.12725
915,746,23.754114,37.9803
916,746,23.90983,37.868808
917,746,23.834371,38.045196
918,746,23.768515,38.108554
920,746,23.855139,38.006782
