863,751,23.73344,38.08953
864,751,23.859167,38.030029
865,751,23.875025,37.996131
866,751,23.738992,37.96949
867,751,23.800787,38.017291
869,751,23.864067,38.144374
870,751,23.78339,38.002811
870,751,23.78339,38.002811
872,751,23.812841,38.0437
874,751,23.766128,37.992283
876,751,23.791171,38.091369
878,751,23.832455,38.120429
879,751,23.829369,38.042914
880,751,23.769386,38.092242
882,751,23.816387,38.08596
883,751,23.88117,37.989994
884,751,23.845218,37.996802
885,751,23.861558,38.00344
887,751,23.880336,38.000121
888,751,23.756059,38.059691
889,751,23.736101,37.991
891,751,23.88237,38.00246
892,751,23.861276,38.000312
893,751,23.703234,38.008525
894,751,23.88299,38.003631
895,751,23.800272,38.006931
896,751,23.814962,38.105533
897,751,23.804226,38.099975
898,751,23.798687,38.006709
899,751,23.856482,38.163707
900,751,23.847767,38.139404
901,751,23.881325,37.990039
903,751,23.766569,38.107844
905,751,23.822846,38.032447
906,751,23.87112,37.879981
908,751,23.98248,38.026687
910,751,23.881348,37.990161
912,751,23.84106,38.131068
913,751,23.851825,38.055449
914,751,23.72084,38.075717
915,751,23.876102,37.991592
916,751,23.90687,37.868698
917,751,23.816227,38.088416
918,751,23.768776,38.107574
920,751,23.841278,38.045436
