863,752,23.820431,38.0783
864,752,23.858487,38.0312
865,752,23.857851,38.00772
866,752,23.880716,38.002781
867,752,23.881576,37.990321
869,752,23.864048,38.144443
870,752,23.850383,38.009543
870,752,23.850383,38.009543
872,752,23.820765,38.070811
874,752,23.848456,37.982616
876,752,23.824715,38.098781
878,752,23.835575,38.12358
879,752,23.940587,37.882556
880,752,23.773685,38.092784
882,752,23.734869,38.10482
883,752,23.811926,38.01699
884,752,23.88123,37.989917
885,752,23.833565,38.042362
887,752,23.824533,38.053626
888,752,23.818159,38.087711
889,752,23.735931,37.99108
891,752,23.882999,38.00244
892,752,23.895863,38.011603
893,752,23.755495,38.061157
894,752,23.846382,38.018036
895,752,23.800009,37.833908
896,752,23.840288,38.131599
897,752,23.799036,38.097984
898,752,23.859671,38.011756
899,752,23.75939,38.065215
900,752,23.8182,38.106376
901,752,23.875925,38.0055
903,752,23.767559,38.111022
905,752,23.768465,37.989089
906,752,23.706379,37.948646
908,752,23.885925,38.003845
910,752,23.73617,37.969478
912,752,23.842398,38.137179
913,752,23.822567,38.093516
914,752,23.831499,38.119319
915,752,23.875282,37.992942
916,752,23.90683,37.868698
917,752,23.807609,38.075744
918,752,23.768686,38.107165
920,752,23.856187,38.003681
