863,76,23.841065,38.131057
862,76,23.79336,38.021434
864,76,23.864856,37.998832
865,76,23.894504,38.004047
866,76,23.857515,38.007843
867,76,23.857454,37.997714
869,76,23.820688,38.091148
870,76,23.809267,38.010795
870,76,23.809267,38.010795
872,76,23.810623,38.08488
873,76,23.880899,37.989535
874,76,23.853369,38.008964
875,76,23.805553,38.018581
876,76,23.741644,38.089511
878,76,23.840919,38.130881
879,76,23.885508,37.986423
880,76,23.720367,38.08042
882,76,23.841123,38.130889
883,76,23.881237,37.990047
884,76,23.835047,38.012881
885,76,23.93589,38.000072
887,76,23.861965,37.999999
888,76,23.84287,38.127185
889,76,23.821995,38.099559
891,76,23.860333,38.000941
892,76,23.931211,37.86082
893,76,23.708719,38.011417
894,76,23.860389,38.019927
895,76,23.855666,37.969459
896,76,23.844579,38.111991
897,76,23.838873,38.130126
898,76,23.881777,37.990482
899,76,23.838053,38.065147
900,76,23.856296,38.031989
901,76,23.757,38.020492
903,76,23.769148,38.109302
904,76,23.767885,38.107959
905,76,23.878122,37.990234
906,76,23.839633,38.011157
908,76,23.881499,37.985553
910,76,23.906194,37.966265
911,76,23.807997,38.04523
912,76,23.845662,38.139301
913,76,23.807289,38.075542
914,76,23.823397,38.113761
915,76,23.88112,37.989932
916,76,23.881202,37.989989
917,76,23.840826,38.131362
918,76,23.763754,38.106349
920,76,23.880602,37.989277
921,76,23.918731,37.891551
