863,762,23.820971,38.07344
864,762,23.844025,38.043933
865,762,23.875988,37.993972
866,762,23.880757,38.00341
867,762,23.881416,37.990066
869,762,23.858509,38.139827
870,762,23.847235,38.010024
870,762,23.847235,38.010024
872,762,23.825525,38.06652
874,762,23.852375,37.984367
876,762,23.839419,38.131347
878,762,23.767913,38.10863
879,762,23.96172,37.886565
880,762,23.800947,38.098888
882,762,23.736839,38.102279
883,762,23.97727,38.015628
884,762,23.874387,37.992808
885,762,23.842964,38.044372
887,762,24.014278,37.881088
888,762,23.763677,38.069892
889,762,23.732312,37.995155
891,762,23.875846,38.004085
892,762,23.927763,37.997893
893,762,23.839092,38.053276
894,762,23.854423,38.012233
895,762,23.791378,37.83504
896,762,23.840553,38.131804
897,762,23.775495,38.091887
898,762,23.796377,38.005943
899,762,23.758581,38.064254
900,762,23.820102,38.090537
901,762,23.786625,38.012347
903,762,23.768657,38.107161
905,762,23.822945,38.032485
906,762,23.720038,37.959247
908,762,23.857922,38.00513
910,762,23.872648,37.994842
912,762,23.846615,38.143546
913,762,23.852205,38.062759
914,762,23.823099,38.111686
915,762,23.858101,38.005668
916,762,23.906838,37.868671
917,762,23.825392,38.066379
918,762,23.768686,38.107363
920,762,23.872143,38.005141
