863,763,23.730261,38.081172
864,763,23.843225,38.044204
865,763,23.866344,37.998111
866,763,23.749901,37.976672
867,763,23.797906,38.017386
869,763,23.856918,38.136817
870,763,23.787474,38.008323
870,763,23.787474,38.008323
872,763,23.82304,38.041125
874,763,23.764226,37.989696
876,763,23.797069,38.096958
878,763,23.768003,38.10871
879,763,23.907629,37.86861
880,763,23.805798,38.10075
882,763,23.807436,38.087394
883,763,23.814044,38.016174
884,763,23.870412,37.879447
885,763,23.875528,37.99184
887,763,23.829723,38.051807
888,763,23.769918,38.072494
889,763,23.73278,37.996905
891,763,23.874297,38.004547
892,763,23.873826,37.993132
893,763,23.753575,38.058497
894,763,23.880788,37.995845
895,763,23.802799,37.832015
896,763,23.840639,38.13166
897,763,23.775366,38.091979
898,763,23.851219,37.984012
899,763,23.753153,38.057914
900,763,23.819886,38.090453
901,763,24.014958,37.879721
903,763,23.778929,38.0913
905,763,23.881472,37.990237
906,763,23.873691,37.88169
908,763,23.98348,38.030048
910,763,23.881978,37.991668
912,763,23.840908,38.131308
913,763,23.821539,38.091895
914,763,23.730221,38.082095
915,763,23.858181,38.005958
916,763,23.90766,37.868636
917,763,23.817118,38.088077
918,763,23.768667,38.107894
920,763,23.840057,38.046275
