863,765,23.730431,38.079322
864,765,23.839457,38.042545
865,765,23.876018,37.996093
866,765,23.751572,37.97782
867,765,23.877104,38.006176
869,765,23.859228,38.133548
870,765,23.808418,38.010451
870,765,23.808418,38.010451
872,765,23.768139,38.108757
874,765,23.763767,37.989074
876,765,23.774519,38.092452
878,765,23.768383,38.108753
879,765,23.96471,37.885585
880,765,23.813317,38.104949
882,765,23.807089,38.054694
883,765,23.881766,37.990913
884,765,23.873963,37.881927
885,765,23.879639,37.989212
887,765,23.85415,38.016597
888,765,23.776967,38.075423
889,765,23.733012,37.997805
891,765,23.872106,38.005206
892,765,23.922064,37.997882
893,765,23.838663,38.051937
894,765,23.88168,37.992614
895,765,23.812332,38.01142
896,765,23.840905,38.131183
897,765,23.772645,38.09262
898,765,23.858181,38.008926
899,765,23.855132,38.173664
900,765,23.838817,38.046348
901,765,23.801582,38.01784
903,765,23.776579,38.091151
905,765,23.823074,38.032737
906,765,23.873962,37.881862
908,765,23.855247,38.00619
910,765,23.881369,37.993846
912,765,23.845293,38.139907
913,765,23.849785,38.06322
914,765,23.730261,38.083904
915,765,23.858221,38.00619
916,765,23.908791,37.868926
917,765,23.757896,38.046123
918,765,23.768551,38.10881
920,765,23.872153,38.006682
