863,768,23.732401,38.078151
864,768,23.832886,38.041873
865,768,23.874989,37.996082
866,768,23.875838,38.00399
867,768,23.797458,38.017398
869,768,23.856239,38.124667
870,768,23.787223,38.007972
870,768,23.787223,38.007972
872,768,23.767889,38.107997
874,768,23.856285,37.982806
876,768,23.825907,38.107654
878,768,23.768442,38.108734
879,768,23.968241,37.886226
880,768,23.823458,38.113082
882,768,23.803776,38.087264
883,768,23.815655,38.015434
884,768,23.864546,37.99905
885,768,23.850914,38.039161
887,768,23.830393,38.051616
888,768,23.81826,38.089034
889,768,23.734492,38.003307
891,768,23.871286,38.011897
892,768,23.915934,37.999293
893,768,23.839333,38.051235
894,768,23.858204,38.00891
895,768,23.816443,38.012382
896,768,23.840905,38.131171
897,768,23.840877,38.131293
898,768,23.795878,38.005771
899,768,23.855093,38.177043
900,768,23.856105,38.137038
901,768,23.876787,38.002257
903,768,23.769777,38.106414
905,768,23.823204,38.032599
906,768,23.875331,37.88301
908,768,23.883177,38.003566
910,768,23.88065,37.996425
912,768,23.841984,38.136459
913,768,23.847364,38.06364
914,768,23.813301,38.103686
915,768,23.8584,38.006763
916,768,23.910292,37.86869
917,768,23.8018,38.075736
918,768,23.768485,38.108832
920,768,23.839779,38.047256
