863,769,23.840911,38.131198
864,769,23.830456,38.040122
865,769,23.860824,38.000652
866,769,23.755272,37.981181
867,769,23.761604,37.987235
869,769,23.858009,38.122627
870,769,23.859703,38.025592
870,769,23.859703,38.025592
872,769,23.824831,38.041934
874,769,23.763055,37.988357
876,769,23.771928,38.092513
878,769,23.768063,38.108623
879,769,23.909589,37.868709
880,769,23.826497,38.115104
882,769,23.807428,38.055633
883,769,23.816144,38.015143
884,769,23.877643,37.885086
885,769,23.881449,37.990162
887,769,23.881241,37.989951
888,769,23.790537,38.090705
889,769,23.735142,38.005596
891,769,23.871827,38.015338
892,769,23.880537,37.989314
893,769,23.753294,38.058197
894,769,23.881178,37.989944
895,769,23.785768,37.83361
896,769,23.840879,38.130931
897,769,23.767587,38.092029
898,769,23.881199,37.990031
899,769,23.75798,38.063464
900,769,23.817693,38.106276
901,769,23.800133,38.0176
903,769,23.773909,38.092761
905,769,23.822584,38.033118
906,769,23.721037,37.960048
908,769,23.856348,38.00526
910,769,23.74105,37.970558
912,769,23.839894,38.132308
913,769,23.821339,38.091636
914,769,23.73027,38.085364
915,769,23.85845,38.006984
916,769,23.909412,37.870387
917,769,23.758026,38.046123
918,769,23.768436,38.108833
920,769,23.820169,38.034778
