863,774,23.826269,38.065204
864,774,23.821686,38.040366
865,774,23.870937,37.996333
866,774,23.872227,38.005069
867,774,23.79706,38.017459
869,774,23.871491,38.119574
870,774,23.859262,38.028583
870,774,23.859262,38.028583
872,774,23.76717,38.107906
874,774,23.862476,37.984088
876,774,23.838207,38.126018
878,774,23.765093,38.107044
879,774,23.819439,38.039901
880,774,23.839779,38.131919
882,774,23.818827,38.089278
883,774,23.881349,37.990112
884,774,23.857906,38.003719
885,774,23.856964,38.033279
887,774,23.880571,37.989231
888,774,23.821199,38.091392
889,774,23.735413,38.010478
891,774,23.867067,38.016387
892,774,23.906492,38.002624
893,774,23.837124,38.045025
894,774,23.857653,38.008147
895,774,23.825914,38.030189
896,774,23.79735,38.083133
897,774,23.771068,38.095859
898,774,23.857382,38.008037
899,774,23.839693,38.131866
900,774,23.795662,38.092059
901,774,23.794565,38.016868
903,774,23.767221,38.113196
905,774,23.821526,38.034057
906,774,23.876451,37.884021
908,774,23.85903,38.007431
910,774,23.880609,38.000995
912,774,23.840823,38.13116
913,774,23.820219,38.090846
914,774,23.799463,38.098247
915,774,23.849401,38.009666
916,774,23.907942,37.869334
917,774,23.821102,38.067065
918,774,23.768108,38.108779
920,774,23.86986,38.010886
