863,78,23.840945,38.131144
862,78,23.790908,38.023185
864,78,23.862386,37.999801
865,78,23.885544,38.00373
866,78,23.854265,38.008834
867,78,23.858507,38.002082
869,78,23.818588,38.089347
870,78,23.817766,38.012935
870,78,23.817766,38.012935
872,78,23.839827,38.132114
873,78,23.880289,37.989005
874,78,23.858997,38.007453
875,78,23.807684,38.019011
876,78,23.745184,38.091312
878,78,23.84095,38.130832
879,78,23.890068,37.983783
880,78,23.710737,38.079833
882,78,23.757377,38.090705
883,78,23.878397,38.003074
884,78,23.837237,38.012133
885,78,23.886812,38.007098
887,78,23.859094,38.001808
888,78,23.845961,38.127914
889,78,23.864138,38.20632
891,78,23.857822,38.00405
892,78,23.928722,37.87825
893,78,23.744907,38.052897
894,78,23.848558,38.009872
895,78,23.864729,37.985942
896,78,23.84741,38.113811
897,78,23.834173,38.121994
898,78,23.881256,37.99002
899,78,23.837583,38.065288
900,78,23.856146,38.13705
901,78,23.791779,38.022495
903,78,23.833389,38.121398
904,78,23.768565,38.10868
905,78,23.865406,37.998534
906,78,23.834295,38.013118
908,78,23.877382,37.984359
910,78,23.827793,38.014014
911,78,23.807156,38.045643
912,78,23.847341,38.13935
913,78,23.840544,38.131793
914,78,23.821186,38.110042
915,78,23.879502,37.989391
916,78,23.881443,37.990188
917,78,23.840727,38.131461
918,78,23.765484,38.10643
920,78,23.881351,37.990028
921,78,23.924642,37.884872
