863,781,23.73083,38.075602
864,781,23.822298,38.040591
865,781,23.881361,37.990115
866,781,23.765143,37.986304
867,781,23.876482,38.002144
869,781,23.88216,38.115203
870,781,23.834955,38.012976
870,781,23.834955,38.012976
872,781,23.835636,38.059169
874,781,23.761343,37.987506
876,781,23.760529,38.090842
878,781,23.758661,38.104
879,781,23.90966,37.86909
880,781,23.84062,38.131347
882,781,23.808288,38.057621
883,781,23.817043,38.014743
884,781,23.884816,37.898197
885,781,23.851921,38.030799
887,781,23.855701,38.023246
888,781,23.816168,38.105475
889,781,23.733021,38.015987
891,781,23.861696,38.01987
892,781,23.901093,38.003013
893,781,23.834673,38.045352
894,781,23.867014,38.006038
895,781,23.802898,37.832553
896,781,23.841064,38.130931
897,781,23.757639,38.102561
898,781,23.857252,38.007266
899,781,23.754861,38.057593
900,781,23.81597,38.102603
901,781,23.797252,38.017471
903,781,23.763487,38.098212
905,781,23.763826,37.986239
906,781,23.728346,37.964965
908,781,23.862829,37.999652
910,781,23.881309,37.990054
912,781,23.837614,38.127574
913,781,23.841938,38.068313
914,781,23.737051,38.089706
915,781,23.834192,38.013186
916,781,23.907013,37.868816
917,781,23.820497,38.077724
918,781,23.768626,38.108836
920,781,23.839851,38.048816
