863,784,23.81861,38.056262
864,784,23.829089,38.043891
865,784,23.83317,38.013431
866,784,23.860798,38.008411
867,784,23.762014,37.986434
869,784,23.880381,38.115695
870,784,23.807348,38.009922
870,784,23.807348,38.009922
872,784,23.786632,38.084605
874,784,23.873586,37.990909
876,784,23.829048,38.115275
878,784,23.754781,38.098369
879,784,23.90959,37.869201
880,784,23.840744,38.131301
882,784,23.795795,38.092567
883,784,23.819563,38.013953
884,784,23.860636,38.007701
885,784,23.846443,38.020511
887,784,23.875961,37.99174
888,784,23.820238,38.108978
889,784,23.731232,38.015846
891,784,23.859186,38.020561
892,784,23.896772,38.003684
893,784,23.834784,38.04536
894,784,23.868053,38.005858
895,784,23.772348,37.83488
896,784,23.79712,38.090766
897,784,23.760839,38.110389
898,784,23.792467,38.003302
899,784,23.833824,38.121711
900,784,23.830221,38.14215
901,784,23.875875,37.993865
903,784,23.756887,38.100131
905,784,23.879822,37.989276
906,784,23.878221,37.88555
908,784,23.880745,38.002463
910,784,23.907826,37.870536
912,784,23.832174,38.119983
913,784,23.817489,38.088275
914,784,23.789804,38.090125
915,784,23.832834,38.013485
916,784,23.907749,37.869228
917,784,23.820886,38.076655
918,784,23.768765,38.107467
920,784,23.866849,38.015884
