863,785,23.846235,38.142985
864,785,23.829757,38.041579
865,785,23.881291,37.990134
866,785,23.767813,37.988807
867,785,23.796651,38.017566
869,785,23.87986,38.115733
870,785,23.809281,38.010719
870,785,23.809281,38.010719
872,785,23.763818,38.106154
874,785,23.874638,37.992218
876,785,23.759319,38.090331
878,785,23.753521,38.096518
879,785,23.819559,38.037928
882,785,23.808519,38.05865
883,785,23.881929,37.990542
884,785,23.892817,37.901554
885,785,23.853431,38.030299
887,785,23.855431,38.024707
888,785,23.823377,38.113269
889,785,23.731071,38.015876
891,785,23.858097,38.020732
892,785,23.891243,38.004622
893,785,23.704075,38.008994
894,785,23.868784,38.005718
895,785,23.802898,37.832603
896,785,23.796181,38.092097
897,785,23.76112,38.11206
898,785,23.855473,38.007438
899,785,23.753141,38.055213
900,785,23.733288,38.089366
901,785,23.997648,37.890059
903,785,23.756207,38.10039
905,785,23.762216,37.985599
906,785,23.730495,37.965606
908,785,23.86678,37.997772
910,785,23.880758,38.003333
912,785,23.841117,38.130938
913,785,23.835009,38.070292
914,785,23.73998,38.089862
915,785,23.831745,38.013724
916,785,23.907359,37.868602
917,785,23.761366,38.042289
918,785,23.768665,38.106936
920,785,23.839773,38.049556
