863,788,23.817188,38.053214
864,788,23.830149,38.040297
865,788,23.83251,38.013602
866,788,23.770752,37.990776
867,788,23.762353,37.986396
869,788,23.87645,38.1169
870,788,23.858603,38.031116
870,788,23.858603,38.031116
872,788,23.763379,38.105693
874,788,23.881197,37.989905
876,788,23.829398,38.116557
878,788,23.752441,38.09426
879,788,23.819559,38.037849
882,788,23.794146,38.094688
883,788,23.819963,38.013813
884,788,23.860906,38.01224
885,788,23.843813,38.014732
887,788,23.874891,37.992442
888,788,23.826019,38.105117
889,788,23.729893,38.016215
891,788,23.855086,38.021201
892,788,23.885092,38.003681
893,788,23.705894,38.010944
894,788,23.870203,38.00547
895,788,23.768639,37.836299
896,788,23.794872,38.097019
897,788,23.764651,38.111583
898,788,23.85962,37.98262
899,788,23.830094,38.117892
900,788,23.848318,38.114059
901,788,23.994028,37.89178
903,788,23.767628,38.110835
905,788,23.877442,37.990737
906,788,23.880623,37.88771
908,788,23.880525,38.000743
910,788,23.880768,38.003494
912,788,23.829144,38.115253
913,788,23.818099,38.087836
914,788,23.784655,38.083416
915,788,23.827754,38.014007
916,788,23.909467,37.868731
917,788,23.761834,38.041587
918,788,23.769125,38.106876
920,788,23.865059,38.017772
