863,793,23.844793,38.138343
864,793,23.83882,38.046126
865,793,23.858584,38.007438
866,793,23.866434,38.006022
867,793,23.796301,38.017714
870,793,23.857822,38.031394
870,793,23.857822,38.031394
872,793,23.759478,38.105262
874,793,23.761343,37.987335
876,793,23.755008,38.08842
878,793,23.762071,38.091251
879,793,23.990961,37.887882
882,793,23.810018,38.066501
883,793,23.820843,38.013552
884,793,23.894565,37.903087
885,793,23.852741,38.028991
887,793,23.85412,38.025028
888,793,23.826419,38.111438
889,793,23.726303,38.016994
891,793,23.851632,38.021701
892,793,23.882931,38.003737
893,793,23.833614,38.044566
894,793,23.870943,38.008411
895,793,23.839735,38.010971
896,793,23.886906,38.097346
897,793,23.834382,38.045249
898,793,23.856462,38.005298
899,793,23.855423,38.19955
900,793,23.836077,38.04333
901,793,23.881027,37.989727
903,793,23.761697,38.111984
905,793,23.760086,37.985057
906,793,23.733354,37.967113
908,793,23.87271,37.994792
910,793,23.880468,38.003646
912,793,23.826054,38.10591
913,793,23.841091,38.131011
914,793,23.745241,38.085151
915,793,23.824966,38.013904
916,793,23.908491,37.868812
917,793,23.818834,38.085494
918,793,23.768816,38.108626
920,793,23.86112,38.02016
