863,798,23.840693,38.131477
864,798,23.85031,38.039653
865,798,23.858486,38.007083
866,798,23.781481,37.996837
867,798,23.882906,37.988051
870,798,23.806808,38.00965
870,798,23.806808,38.00965
872,798,23.839167,38.051452
874,798,23.848385,37.982692
876,798,23.853617,38.13058
878,798,23.777592,38.091022
879,798,23.994781,37.886069
882,798,23.825615,38.10147
883,798,23.828111,38.013851
884,798,23.895237,37.912597
885,798,23.843494,38.013076
887,798,23.836162,38.051211
888,798,23.838189,38.128841
889,798,23.724785,38.02098
891,798,23.848345,38.022071
892,798,23.88166,38.003868
893,798,23.840616,38.133368
894,798,23.871912,38.016082
895,798,23.753828,37.847171
896,798,23.840953,38.130881
897,798,23.765313,38.113307
898,798,23.941002,37.997154
899,798,23.75101,38.04967
900,798,23.736087,38.089717
901,798,23.802022,38.017775
903,798,23.765167,38.112346
905,798,23.834305,38.026237
906,798,23.882421,37.893241
908,798,23.861252,38.011417
910,798,23.909187,37.870219
912,798,23.827913,38.102027
913,798,23.820949,38.076575
914,798,23.783196,38.080909
915,798,23.818735,38.013175
916,798,23.909817,37.869323
917,798,23.821566,38.066756
918,798,23.768625,38.108634
920,798,23.857518,38.002601
