863,799,23.817026,38.047901
864,799,23.85372,38.036132
865,799,23.860353,38.007251
866,799,23.859529,38.013416
867,799,23.811317,38.054244
870,799,23.82375,38.013652
870,799,23.82375,38.013652
872,799,23.754778,38.098365
874,799,23.881759,37.990451
876,799,23.822887,38.11079
878,799,23.781752,38.091773
879,799,23.880027,37.989081
882,799,23.756479,38.100852
883,799,23.89688,37.979225
884,799,23.862184,38.011638
885,799,23.84897,38.024414
887,799,23.872492,37.98978
888,799,23.829581,38.117175
889,799,23.725525,38.023189
891,799,23.847694,38.022162
892,799,23.900724,38.016117
893,799,23.709333,38.011112
894,799,23.872103,38.017741
895,799,23.802809,37.833271
896,799,23.878684,38.102447
897,799,23.766182,38.113307
898,799,23.86471,37.986037
899,799,23.858523,38.203548
900,799,23.836828,38.042849
901,799,23.981567,37.893734
903,799,23.765257,38.112785
905,799,23.810007,38.040309
906,799,23.734564,37.967395
908,799,23.982477,38.059719
910,799,23.876996,38.003707
912,799,23.841103,38.130881
913,799,23.840579,38.131763
914,799,23.745281,38.08422
915,799,23.817214,38.012725
916,799,23.90687,37.868628
917,799,23.818085,38.087642
918,799,23.768486,38.108714
920,799,23.820228,38.034896
