863,802,23.818965,38.045131
864,802,23.859125,38.030254
865,802,23.860653,38.007583
866,802,23.783611,37.998465
867,802,23.883985,37.98725
870,802,23.856503,38.031806
870,802,23.856503,38.031806
872,802,23.839198,38.04692
874,802,23.8815,37.990329
876,802,23.855547,38.130969
878,802,23.790512,38.091979
879,802,23.878687,37.989852
882,802,23.825794,38.103599
883,802,23.832722,38.01332
884,802,23.818826,38.035976
885,802,23.843494,38.012195
887,802,23.870302,37.990321
888,802,23.833129,38.120826
889,802,23.727554,38.027988
891,802,23.845244,38.022532
892,802,23.880142,37.999046
893,802,23.845425,38.138991
894,802,23.866083,38.016891
895,802,23.803009,37.833362
896,802,23.809463,38.10218
897,802,23.764681,38.113219
898,802,23.942072,38.000712
899,802,23.862213,38.205497
900,802,23.818823,38.086136
901,802,23.804462,38.018287
903,802,23.765447,38.112914
905,802,23.809628,38.040401
906,802,23.735815,37.967803
908,802,23.862091,38.011455
910,802,23.876716,38.003826
912,802,23.824953,38.099338
913,802,23.83947,38.131282
914,802,23.785406,38.083789
915,802,23.815615,38.012225
916,802,23.909748,37.868785
917,802,23.825706,38.066508
920,802,23.858898,38.001872
