863,807,23.838984,38.130478
864,807,23.860373,38.01905
865,807,23.865418,38.006263
866,807,23.866834,37.997707
867,807,23.887775,37.985148
870,807,23.856492,38.031817
870,807,23.856492,38.031817
872,807,23.747038,38.098209
874,807,23.881596,37.990359
876,807,23.828218,38.115962
878,807,23.801123,38.098857
879,807,23.875248,37.992919
882,807,23.759998,38.105262
883,807,23.905581,37.969593
884,807,23.860383,38.010997
885,807,23.843695,38.010997
887,807,23.839372,38.050891
888,807,23.84056,38.13161
889,807,23.733833,38.03815
891,807,23.843284,38.022582
892,807,23.881294,37.990127
893,807,23.710194,38.010833
894,807,23.860275,38.020175
895,807,23.752938,37.851543
896,807,23.865727,38.106048
897,807,23.840469,38.131461
898,807,23.86808,37.98994
899,807,23.755812,38.047709
900,807,23.815919,38.102294
901,807,23.796404,38.017692
903,807,23.768637,38.108665
905,807,23.836624,38.028415
906,807,23.881872,37.893253
908,807,23.982006,38.065452
910,807,23.907457,37.869068
912,807,23.822622,38.093574
913,807,23.820768,38.070941
914,807,23.757372,38.089431
915,807,23.811816,38.01147
916,807,23.906867,37.868637
917,807,23.828417,38.064116
920,807,23.838882,38.051543
