863,809,23.837344,38.127036
864,809,23.859524,38.011721
865,809,23.83182,38.016635
866,809,23.85823,38.016376
867,809,23.763975,37.986079
870,809,23.83333,38.013182
870,809,23.83333,38.013182
872,809,23.743978,38.100418
874,809,23.881787,37.990458
876,809,23.858656,38.131575
878,809,23.807263,38.101318
879,809,23.876229,37.994888
882,809,23.812366,38.07339
883,809,23.838703,38.011409
884,809,23.883495,37.924937
885,809,23.843695,38.010997
887,809,23.851401,38.025924
888,809,23.858608,38.131671
889,809,23.736515,38.04431
891,809,23.843445,38.02254
892,809,23.88125,37.990108
893,809,23.710734,38.010611
894,809,23.860575,38.019935
895,809,23.855264,38.006156
896,809,23.862276,38.107619
897,809,23.76328,38.112395
898,809,23.864032,37.999256
899,809,23.825982,38.104766
900,809,23.752815,38.054637
901,809,23.967827,37.894485
903,809,23.768596,38.108764
905,809,23.881379,37.990226
906,809,23.738316,37.968971
908,809,23.881267,37.989955
910,809,23.907016,37.868717
912,809,23.822163,38.092864
913,809,23.832098,38.07981
914,809,23.760021,38.090599
915,809,23.807255,38.009853
916,809,23.90893,37.868869
917,809,23.833391,38.044704
920,809,23.851989,38.021602
