863,81,23.821976,38.092521
862,81,23.8451,38.010478
864,81,23.860896,38.000518
865,81,23.880834,38.003569
866,81,23.850615,38.009494
867,81,23.861828,38.000022
869,81,23.817568,38.088313
870,81,23.833195,38.013324
870,81,23.833195,38.013324
872,81,23.775154,38.092163
873,81,23.884525,38.003753
874,81,23.874128,38.004523
875,81,23.755176,38.046973
876,81,23.750685,38.095962
878,81,23.763092,38.105613
879,81,23.961756,38.161208
880,81,23.706917,38.074745
882,81,23.754137,38.093036
883,81,23.878977,38.003753
884,81,23.839506,38.011085
885,81,23.875301,37.993019
887,81,23.889933,37.956825
888,81,23.838237,38.12889
889,81,23.867218,38.20695
891,81,23.857842,38.00468
892,81,23.931523,37.860889
893,81,23.726566,38.025726
894,81,23.848558,38.009872
895,81,23.845009,37.966983
896,81,23.817639,38.088317
897,81,23.829293,38.117912
898,81,23.856878,38.009463
899,81,23.836923,38.064257
900,81,23.859448,38.026161
901,81,23.773203,38.033535
903,81,23.839819,38.131927
904,81,23.767954,38.108779
905,81,23.861976,37.999972
906,81,23.827216,38.014011
908,81,23.877662,37.98487
910,81,23.824724,38.013904
911,81,23.809435,38.050193
912,81,23.786176,38.085299
913,81,23.839393,38.131065
914,81,23.839791,38.131896
915,81,23.876261,37.99454
916,81,23.884985,37.955077
917,81,23.841057,38.130893
918,81,23.767884,38.10797
920,81,23.881351,37.990199
921,81,23.925253,37.876651
