863,812,23.815805,38.042243
864,812,23.858154,38.008681
865,812,23.83246,38.017265
866,812,23.86014,38.016246
867,812,23.892306,37.982231
870,812,23.856733,38.032439
870,812,23.856733,38.032439
872,812,23.838598,38.04209
874,812,23.880989,37.989879
876,812,23.859016,38.131656
878,812,23.816122,38.105475
879,812,23.839978,38.04618
882,812,23.788256,38.098083
883,812,23.839055,38.011249
884,812,23.859267,38.0279
885,812,23.844774,38.010406
887,812,23.870373,37.995102
888,812,23.858559,38.131671
889,812,23.743114,38.050269
891,812,23.845045,38.022281
892,812,23.881241,37.989886
893,812,23.710973,38.010482
894,812,23.745587,38.084418
895,812,23.856385,38.005275
896,812,23.860627,38.108676
897,812,23.760941,38.111766
898,812,23.870331,37.990211
899,812,23.825773,38.103286
900,812,23.837149,38.04267
901,812,23.796123,38.017833
903,812,23.767211,38.109538
905,812,23.839325,38.027335
906,812,23.880971,37.894573
908,812,23.881044,37.98984
910,812,23.762266,37.985721
912,812,23.821705,38.092094
913,812,23.832958,38.08171
914,812,23.770412,38.092292
915,812,23.801855,38.007533
916,812,23.909991,37.868648
917,812,23.833271,38.044586
920,812,23.819788,38.035056
