863,813,23.832394,38.120296
864,813,23.858105,38.008613
865,813,23.869839,38.005512
866,813,23.875326,37.991958
867,813,23.809248,38.052241
870,813,23.806278,38.009349
870,813,23.806278,38.009349
872,813,23.741348,38.102305
874,813,23.880779,37.989658
876,813,23.834879,38.122604
878,813,23.819172,38.107967
879,813,23.874018,37.995208
882,813,23.812086,38.076041
883,813,23.906681,37.964973
884,813,23.885845,37.928557
885,813,23.857119,38.009742
887,813,23.85133,38.025935
888,813,23.841015,38.130905
889,813,23.745215,38.053558
891,813,23.845245,38.022312
892,813,23.881231,37.989948
893,813,23.841045,38.130965
894,813,23.748235,38.085567
895,813,23.752006,37.858535
896,813,23.824463,38.114051
897,813,23.84104,38.131011
898,813,23.867702,37.997345
899,813,23.757822,38.046302
900,813,23.736917,38.089755
901,813,23.808514,38.019168
903,813,23.767782,38.109027
905,813,23.804098,38.042182
906,813,23.738877,37.969322
908,813,23.881326,37.989955
910,813,23.906878,37.868674
912,813,23.821495,38.091773
913,813,23.821759,38.066791
914,813,23.772521,38.092563
915,813,23.800066,38.007083
916,813,23.909561,37.869197
917,813,23.834206,38.061408
920,813,23.8507,38.021812
