863,814,23.814785,38.041805
864,814,23.857914,38.008384
865,814,23.860344,38.014915
866,814,23.791321,38.002338
867,814,23.874882,37.992576
870,814,23.83586,38.012622
870,814,23.83586,38.012622
872,814,23.837898,38.041801
874,814,23.880779,37.989638
876,814,23.74461,38.087493
878,814,23.822283,38.110976
879,814,23.842416,38.044661
882,814,23.826334,38.11135
883,814,23.839474,38.011088
884,814,23.813246,38.039005
885,814,23.849634,38.009605
887,814,24.012939,37.879634
888,814,23.840854,38.130805
889,814,23.746885,38.057689
891,814,23.845106,38.02233
892,814,23.881334,37.990097
893,814,23.847034,38.14363
894,814,23.752195,38.087318
895,814,23.804478,37.834274
896,814,23.826983,38.11547
897,814,23.760691,38.107905
898,814,23.941411,38.002055
899,814,23.872993,38.210959
900,814,23.849445,38.146403
901,814,23.959507,37.894668
903,814,23.768553,38.108798
905,814,23.881059,37.990287
906,814,23.881492,37.897354
908,814,23.862292,38.011443
910,814,23.762266,37.98577
912,814,23.821255,38.091552
913,814,23.829189,38.117743
914,814,23.772883,38.092612
915,814,23.799865,38.007053
916,814,23.909521,37.869208
917,814,23.821054,38.09119
920,814,23.835241,38.051166
