863,815,23.830063,38.118815
864,815,23.857904,38.008334
865,815,23.83246,38.017265
866,815,23.860359,38.017715
867,815,23.792763,38.015987
870,815,23.829704,38.0139
870,815,23.829704,38.0139
872,815,23.738548,38.102367
874,815,23.880208,37.989097
876,815,23.859016,38.131656
878,815,23.824022,38.114077
879,815,23.870838,37.996268
882,815,23.763729,38.106334
883,815,23.90587,37.964084
884,815,23.857933,38.008437
885,815,23.857699,38.009151
887,815,23.839333,38.047019
888,815,23.840885,38.130794
889,815,23.730583,38.009937
891,815,23.845846,38.022212
892,815,23.881317,37.99015
893,815,23.711285,38.01034
894,815,23.756046,38.088996
895,815,23.785139,38.009475
896,815,23.840954,38.131171
897,815,23.841,38.130992
898,815,23.872819,37.989959
899,815,23.825532,38.101237
900,815,23.842288,38.110652
901,815,23.796092,38.017871
903,815,23.768584,38.108786
905,815,23.872152,37.993788
906,815,23.739256,37.96952
908,815,23.982067,38.066352
910,815,23.762696,37.985862
912,815,23.821085,38.09138
913,815,23.833088,38.083331
914,815,23.772912,38.092624
915,815,23.799055,38.006893
916,815,23.909581,37.869258
917,815,23.833252,38.044475
920,815,23.873798,37.993175
