863,816,23.814594,38.040825
864,816,23.857685,38.007983
865,816,23.870338,38.00542
866,816,23.877565,37.990467
867,816,23.784776,38.009185
870,816,23.785244,38.005218
870,816,23.785244,38.005218
872,816,23.836848,38.042712
874,816,23.761333,37.987155
876,816,23.836809,38.125705
878,816,23.826701,38.115188
879,816,23.843517,38.044143
882,816,23.788247,38.098083
883,816,23.839914,38.010959
884,816,23.859115,38.030769
885,816,23.853924,38.008865
887,816,23.870292,37.995723
888,816,23.858649,38.131683
889,816,23.749605,38.061969
891,816,23.845495,38.022201
892,816,23.881874,37.990527
893,816,23.848785,38.144752
894,816,23.757807,38.089774
895,816,23.856205,38.003307
896,816,23.829922,38.118591
897,816,23.759041,38.104637
898,816,23.784168,37.999045
899,816,23.758223,38.04584
900,816,23.819292,38.082187
901,816,23.812984,38.02013
903,816,23.768593,38.108825
905,816,23.753067,37.979209
906,816,23.882892,37.898754
908,816,23.881184,37.989982
910,816,23.762714,37.98585
912,816,23.821044,38.091342
913,816,23.823429,38.06673
914,816,23.773672,38.092716
915,816,23.797415,38.006301
916,816,23.907747,37.868606
917,816,23.835606,38.06092
920,816,23.819819,38.035056
