863,818,23.814654,38.040774
864,818,23.857616,38.007693
865,818,23.870449,38.00539
866,818,23.86044,38.019744
867,818,23.809858,38.05273
870,818,23.806219,38.009318
870,818,23.806219,38.009318
872,818,23.837007,38.042694
874,818,23.761315,37.987155
876,818,23.859207,38.131644
878,818,23.828882,38.117378
879,818,23.846628,38.042281
882,818,23.828514,38.114242
883,818,23.882166,37.990722
884,818,23.857523,38.007968
885,818,23.854784,38.007717
887,818,23.839261,38.046901
888,818,23.840876,38.130813
889,818,23.757625,38.067687
891,818,23.843827,38.02246
892,818,23.881905,37.990558
893,818,23.850136,38.143341
894,818,23.762935,38.091456
895,818,23.804737,37.834453
896,818,23.831612,38.119392
897,818,23.757061,38.100146
898,818,23.943482,38.002745
899,818,23.825403,38.099875
900,818,23.838016,38.128456
901,818,23.819133,38.021308
903,818,23.768245,38.108684
905,818,23.803937,38.042202
906,818,23.884752,37.898635
908,818,23.881224,37.99005
910,818,23.765144,37.986109
912,818,23.820045,38.090564
913,818,23.831538,38.084212
914,818,23.774002,38.092654
915,818,23.793926,38.004375
916,818,23.909878,37.868633
917,818,23.835845,38.060851
920,818,23.832972,38.051155
