863,822,23.825503,38.114223
864,822,23.857385,38.002711
865,822,23.88164,37.990489
866,822,23.881256,37.989994
867,822,23.783367,38.009665
870,822,23.853693,38.036212
870,822,23.853693,38.036212
872,822,23.837047,38.042723
874,822,23.87639,37.999087
876,822,23.839659,38.131626
878,822,23.832583,38.120418
879,822,23.84886,38.041019
882,822,23.829115,38.116183
883,822,23.843016,38.010589
884,822,23.856525,38.0321
885,822,23.855975,38.005317
887,822,23.840203,38.045981
888,822,23.84095,38.13111
889,822,23.777417,38.075805
891,822,23.844896,38.022574
892,822,23.900965,38.015827
893,822,23.786066,38.084388
894,822,23.774156,38.09273
895,822,23.805797,37.835131
896,822,23.83745,38.127342
897,822,23.76931,38.096507
898,822,23.94526,38.003314
899,822,23.759551,38.042777
900,822,23.851135,38.139533
901,822,23.795113,38.017372
903,822,23.767302,38.10942
905,822,23.842936,38.026584
906,822,23.885893,37.898746
908,822,23.982057,38.066593
910,822,23.775234,37.992622
912,822,23.818735,38.089362
913,822,23.82659,38.064491
914,822,23.788551,38.091323
915,822,23.792625,38.003463
916,822,23.906903,37.868655
917,822,23.835817,38.059673
920,822,23.832272,38.051246
