863,827,23.838515,38.129432
864,827,23.874336,37.992728
865,827,23.860462,38.019817
866,827,23.858749,38.024005
867,827,23.787042,38.012755
870,827,23.805849,38.009139
870,827,23.805849,38.009139
872,827,23.733166,38.103725
874,827,23.877849,38.003112
876,827,23.856157,38.124755
878,827,23.838623,38.129569
879,827,23.81945,38.038509
882,827,23.841094,38.131064
883,827,23.880398,37.997321
884,827,23.856385,38.005359
885,827,23.862434,37.999794
887,827,23.850828,38.026103
888,827,23.840904,38.131305
889,827,23.788545,38.088256
891,827,23.849476,38.022079
892,827,23.881883,37.9906
893,827,23.713283,38.009399
894,827,23.790076,38.091807
895,827,23.866253,37.998065
896,827,23.84062,38.131423
897,827,23.77915,38.100078
898,827,23.778879,37.99538
899,827,23.824052,38.096767
900,827,23.737247,38.089717
901,827,23.937996,37.889697
903,827,23.767763,38.111251
905,827,23.868092,37.9971
906,827,23.881103,37.989837
908,827,23.909774,37.869823
910,827,23.782714,37.997691
912,827,23.817535,38.088241
913,827,23.827999,38.088824
914,827,23.78995,38.091594
915,827,23.788555,38.001616
916,827,23.90975,37.868957
917,827,23.825803,38.106197
920,827,23.8482,38.022022
