863,83,23.837937,38.128116
862,83,23.79163,38.029113
864,83,23.857957,38.002487
865,83,23.880616,38.00064
866,83,23.844008,38.01501
867,83,23.855171,37.990142
869,83,23.816257,38.084365
870,83,23.843013,38.010654
870,83,23.843013,38.010654
872,83,23.807752,38.082991
873,83,23.883915,38.003662
874,83,23.880718,38.00323
875,83,23.755176,38.046863
876,83,23.754375,38.0979
878,83,23.763641,38.105892
879,83,23.959826,38.159037
880,83,23.702615,38.077045
882,83,23.751707,38.094806
883,83,23.879985,38.003711
884,83,23.841156,38.010814
885,83,23.862152,37.999911
887,83,23.887712,37.956195
888,83,23.836449,38.125171
889,83,23.817613,38.088454
891,83,23.85788,38.004951
892,83,23.926123,37.882659
893,83,23.727096,38.026675
894,83,23.833982,38.013228
895,83,23.879911,37.989081
896,83,23.817539,38.088169
897,83,23.827233,38.115771
898,83,23.857949,38.008754
899,83,23.840275,38.13174
900,83,23.859497,38.024292
901,83,23.773502,38.033275
903,83,23.840869,38.131198
904,83,23.767565,38.110209
905,83,23.860424,38.018187
906,83,23.824125,38.0139
908,83,23.818619,38.014506
910,83,23.906234,37.966106
911,83,23.810665,38.052292
912,83,23.783297,38.081538
913,83,23.876221,38.218722
914,83,23.83883,38.130088
915,83,23.873381,37.99742
916,83,23.880424,37.953586
917,83,23.841115,38.130824
918,83,23.768604,38.108741
920,83,23.881403,37.989974
921,83,23.921574,37.872813
