863,839,23.823893,38.113754
864,839,23.874829,37.992389
865,839,23.871419,38.00524
866,839,23.818148,38.012919
867,839,23.881213,37.989825
870,839,23.827755,38.013903
870,839,23.827755,38.013903
872,839,23.786141,38.084624
874,839,23.880867,37.989604
876,839,23.738482,38.08982
878,839,23.767906,38.107822
879,839,23.854616,38.008716
882,839,23.816767,38.086879
883,839,23.880467,38.002456
884,839,23.866054,37.998237
885,839,23.880035,37.989036
887,839,23.856512,38.034122
888,839,23.840908,38.131156
889,839,23.815496,38.105506
891,839,23.860058,38.02024
892,839,23.890422,38.009784
893,839,23.721942,38.017649
894,839,23.809976,38.087608
895,839,23.810926,37.838394
896,839,23.840456,38.111823
897,839,23.837398,38.127124
898,839,23.777548,37.994659
899,839,23.875534,38.221019
900,839,23.855526,38.137507
901,839,23.924126,37.886638
903,839,23.767693,38.113181
905,839,23.857902,38.002841
906,839,23.875504,37.991924
908,839,23.857674,38.008284
910,839,23.798545,38.006622
912,839,23.839237,38.130988
913,839,23.828319,38.096488
914,839,23.815668,38.105457
915,839,23.787087,38.007556
916,839,23.906917,37.868647
917,839,23.832445,38.120166
920,839,23.819528,38.035315
