863,84,23.840544,38.131759
862,84,23.84464,38.010508
864,84,23.856035,38.003322
865,84,23.880606,37.99691
866,84,23.846924,38.010093
867,84,23.865298,37.998561
869,84,23.814518,38.081004
870,84,23.847954,38.009925
870,84,23.847954,38.009925
872,84,23.841128,38.130878
873,84,23.875059,37.992343
874,84,23.880188,37.99974
875,84,23.817315,38.021003
876,84,23.755806,38.100108
878,84,23.840984,38.131327
879,84,23.902818,37.975303
880,84,23.700956,38.077033
882,84,23.850877,38.142844
883,84,23.880655,38.002261
884,84,23.843725,38.010543
885,84,23.941431,38.002101
887,84,23.858494,38.007148
888,84,23.853802,38.130584
889,84,23.869518,38.208141
891,84,23.857929,38.005332
892,84,23.931039,37.840263
893,84,23.751398,38.064437
894,84,23.847917,38.009971
895,84,23.859615,37.97285
896,84,23.856392,38.110873
897,84,23.824672,38.114082
898,84,23.857628,38.008434
899,84,23.839315,38.130858
900,84,23.819456,38.081107
901,84,23.795518,38.018245
903,84,23.84099,38.131088
904,84,23.767765,38.111068
905,84,23.858646,38.002013
906,84,23.824116,38.013881
908,84,23.878091,37.985598
910,84,23.822265,38.013785
911,84,23.811525,38.054061
912,84,23.855293,38.137611
913,84,23.837673,38.127536
914,84,23.814706,38.104415
915,84,23.872171,37.998729
916,84,23.875105,37.952766
917,84,23.837836,38.127898
918,84,23.768614,38.108851
920,84,23.881462,37.990131
921,84,23.920704,37.870593
