863,843,23.841123,38.1309
864,843,23.87213,37.993019
865,843,23.87145,38.00523
866,843,23.819378,38.013228
867,843,23.906524,37.968116
870,843,23.84412,38.010432
870,843,23.84412,38.010432
872,843,23.733508,38.105205
874,843,23.860717,38.007324
876,843,23.850769,38.114673
878,843,23.765346,38.107082
879,843,23.846546,38.010116
882,843,23.816856,38.087077
883,843,23.858315,38.002139
884,843,23.843477,38.044272
885,843,23.881426,37.990245
887,843,23.858503,38.007136
888,843,23.841109,38.134437
889,843,23.825935,38.114474
891,843,23.864939,38.01781
892,843,23.874855,37.99237
893,843,23.723325,38.01887
894,843,23.816937,38.088126
895,843,23.826791,38.028827
896,843,23.836574,38.116004
897,843,23.831878,38.119724
898,843,23.881291,37.990096
899,843,23.819811,38.090614
900,843,23.829002,38.14357
901,843,23.784552,38.010875
903,843,23.766225,38.107844
905,843,23.744947,37.973407
906,843,23.761083,37.985118
908,843,23.856603,38.007019
910,843,23.804076,38.0083
912,843,23.845434,38.139099
913,843,23.83597,38.060089
914,843,23.83054,38.118789
915,843,23.785166,38.009357
916,843,23.907322,37.868987
917,843,23.837937,38.128254
920,843,23.824763,38.053817
