863,844,23.822993,38.111533
864,844,23.87027,37.99538
865,844,23.859703,38.023681
866,844,23.842611,38.027335
867,844,23.819658,38.052356
870,844,23.827715,38.013934
870,844,23.827715,38.013934
872,844,23.819519,38.042434
874,844,23.877996,37.990256
876,844,23.838627,38.1296
878,844,23.764627,38.106803
879,844,23.860328,38.019679
882,844,23.840845,38.131294
883,844,23.89213,37.938815
884,844,23.898277,37.951739
885,844,23.871237,37.995677
887,844,23.844165,38.028789
888,844,23.843249,38.138015
889,844,23.828476,38.117015
891,844,23.865759,38.017139
892,844,23.881515,37.990264
893,844,23.753351,38.057838
894,844,23.817087,38.088058
895,844,23.880104,37.988975
896,844,23.84102,38.130943
897,844,23.80602,38.105754
898,844,23.88174,37.990413
899,844,23.756393,38.061797
900,844,23.837359,38.04291
901,844,23.836187,38.028224
903,844,23.766086,38.107585
905,844,23.807348,38.040851
906,844,23.893626,37.915759
908,844,23.855123,38.006797
910,844,23.70178,37.977111
912,844,23.820387,38.078209
913,844,23.7913,38.09209
914,844,23.831641,38.119349
915,844,23.785265,38.009567
916,844,23.907642,37.869216
917,844,23.839836,38.046951
920,844,23.842881,38.022552
