863,847,23.825893,38.110561
864,847,23.870309,37.995803
865,847,23.871771,38.00526
866,847,23.825178,38.013747
867,847,23.784054,38.010578
870,847,23.804718,38.008632
870,847,23.804718,38.008632
872,847,23.818948,38.045093
874,847,23.858019,38.007712
876,847,23.839987,38.131881
878,847,23.764126,38.105644
879,847,23.840117,38.011016
882,847,23.817196,38.087546
883,847,23.890569,37.935344
884,847,23.840637,38.045844
885,847,23.879226,37.989478
887,847,23.843306,38.027278
888,847,23.858498,38.131954
889,847,23.834017,38.121901
891,847,23.869207,38.017967
892,847,23.881416,37.990146
893,847,23.840974,38.131225
894,847,23.818749,38.08356
895,847,23.818966,37.843371
896,847,23.840941,38.130832
897,847,23.828469,38.117042
898,847,23.88143,37.990188
899,847,23.757233,38.062629
900,847,23.833929,38.106372
901,847,23.838057,38.027774
903,847,23.765406,38.107013
905,847,23.743436,37.972365
906,847,23.762872,37.985808
908,847,23.856132,38.00339
910,847,23.812574,38.011581
912,847,23.820896,38.076728
913,847,23.79105,38.09201
914,847,23.839769,38.131766
915,847,23.753824,37.979991
916,847,23.908312,37.868777
917,847,23.840796,38.131324
920,847,23.785099,38.00941
