863,848,23.814583,38.104102
864,848,23.870329,37.995872
865,848,23.859432,38.024001
866,848,23.837532,38.029533
867,848,23.790239,38.015025
870,848,23.84845,38.009784
870,848,23.84845,38.009784
872,848,23.78716,38.086013
874,848,23.874135,37.991588
876,848,23.736492,38.08977
878,848,23.764156,38.105155
879,848,23.860048,38.012329
882,848,23.840876,38.131305
883,848,23.868504,37.996757
884,848,23.899627,37.95391
885,848,23.881197,37.989879
887,848,23.857141,38.031649
888,848,23.845499,38.139338
889,848,23.836376,38.12511
891,848,23.872078,38.017696
892,848,23.884624,38.004455
893,848,23.725636,38.02349
894,848,23.819769,38.079849
895,848,23.881653,37.990283
896,848,23.816105,38.102599
897,848,23.80922,38.107516
898,848,23.881731,37.990474
899,848,23.875083,38.224449
900,848,23.821133,38.075527
901,848,23.924667,37.884819
903,848,23.768,38.108703
905,848,23.851923,38.017715
906,848,23.890594,37.920818
908,848,23.858913,38.001929
910,848,23.70167,37.97787
912,848,23.836977,38.126151
913,848,23.83351,38.100989
914,848,23.840808,38.131347
915,848,23.753914,37.980041
916,848,23.909132,37.869518
917,848,23.841537,38.046893
920,848,23.825794,38.056586
