863,85,23.821836,38.09228
862,85,23.794269,38.032173
864,85,23.857938,38.004806
865,85,23.881765,37.992538
866,85,23.881193,37.990115
867,85,23.857973,38.002318
869,85,23.812859,38.077773
870,85,23.853353,38.008995
870,85,23.853353,38.008995
872,85,23.774254,38.092593
873,85,23.883185,38.003722
874,85,23.880798,37.995712
875,85,23.755226,38.046782
876,85,23.758645,38.099658
878,85,23.763711,38.106452
879,85,23.958885,38.158439
880,85,23.697556,38.076103
882,85,23.749196,38.096606
883,85,23.880146,37.998431
884,85,23.848025,38.009895
885,85,23.876251,37.994719
887,85,23.885251,37.955195
888,85,23.833568,38.121459
889,85,23.824186,38.098479
891,85,23.85796,38.005462
892,85,23.929822,37.866286
893,85,23.709459,38.011107
894,85,23.85932,38.026908
895,85,23.847528,37.966793
896,85,23.81748,38.08802
897,85,23.823633,38.113051
898,85,23.857647,38.008342
899,85,23.837685,38.127517
900,85,23.859676,38.02304
901,85,23.764161,38.028754
903,85,23.767918,38.108607
904,85,23.768766,38.108551
905,85,23.872741,37.989745
906,85,23.822216,38.01377
908,85,23.882918,37.987643
910,85,23.906234,37.966106
911,85,23.809966,38.056953
912,85,23.780076,38.0778
913,85,23.801758,38.075763
914,85,23.836961,38.126117
915,85,23.871782,38.000148
916,85,23.869915,37.951964
917,85,23.841097,38.130885
918,85,23.768091,38.108623
920,85,23.85763,38.011535
921,85,23.919575,37.869735
