863,850,23.807793,38.101451
864,850,23.864719,37.998954
865,850,23.87784,37.990497
866,850,23.837523,38.029544
867,850,23.848913,37.992385
870,850,23.776293,38.001037
870,850,23.776293,38.001037
872,850,23.817089,38.047744
874,850,23.872686,37.989779
876,850,23.840647,38.13161
878,850,23.765947,38.104633
879,850,23.909889,37.86872
882,850,23.817917,38.088496
883,850,23.871152,37.995658
884,850,23.847217,37.996741
885,850,23.881497,37.990199
887,850,23.841826,38.027728
888,850,23.84738,38.14426
889,850,23.838445,38.129272
891,850,23.871249,38.012294
892,850,23.881407,37.990127
893,850,23.840734,38.131453
894,850,23.821028,38.075641
895,850,23.881634,37.991523
896,850,23.831163,38.118225
897,850,23.809729,38.106036
898,850,23.775978,37.993438
899,850,23.757793,38.063388
900,850,23.761288,38.042121
901,850,23.841406,38.026294
903,850,23.767839,38.108783
905,850,23.858532,38.007362
906,850,23.880306,37.989005
908,850,23.862284,37.999889
910,850,23.817253,38.012691
912,850,23.821016,38.075778
913,850,23.79025,38.09098
914,850,23.84076,38.13127
915,850,23.753704,37.980094
916,850,23.909613,37.869819
917,850,23.842608,38.047382
920,850,23.784939,38.009291
