863,853,23.73066,38.075904
864,853,23.858008,38.005412
865,853,23.832441,38.014636
866,853,23.837028,38.012187
867,853,23.783823,38.010429
870,853,23.853059,38.009006
870,853,23.853059,38.009006
872,853,23.815458,38.049366
874,853,23.850459,38.009543
876,853,23.840656,38.131549
878,853,23.765387,38.104732
879,853,23.90987,37.86861
882,853,23.818887,38.089248
883,853,23.884029,37.934905
884,853,23.812786,38.039203
885,853,23.896682,38.024165
887,853,23.839044,38.02893
888,853,23.855799,38.155192
889,853,23.839866,38.131278
891,853,23.871356,38.005329
892,853,23.883545,38.003696
893,853,23.840715,38.131393
894,853,23.820987,38.067592
895,853,23.746948,37.863345
896,853,23.832533,38.120246
897,853,23.823608,38.112152
898,853,23.95213,38.012668
899,853,23.758194,38.06393
900,853,23.824301,38.097736
901,853,23.842636,38.026324
903,853,23.767821,38.108783
905,853,23.853843,38.013423
906,853,23.870182,37.990901
908,853,23.881167,37.990035
910,853,23.830013,38.013889
912,853,23.820977,38.075137
913,853,23.788021,38.088218
914,853,23.786177,38.08467
915,853,23.753545,37.980236
916,853,23.910382,37.868728
917,853,23.843668,38.047019
920,853,23.784899,38.009353
