863,854,23.826023,38.105167
864,854,23.858127,38.005954
865,854,23.874759,37.992465
866,854,23.835684,38.027584
867,854,23.793271,38.016185
870,854,23.827116,38.013946
870,854,23.827116,38.013946
872,854,23.788012,38.088096
874,854,23.870615,37.991447
876,854,23.732271,38.08892
878,854,23.764376,38.104842
879,854,23.857428,38.0102
882,854,23.760986,38.038512
883,854,23.878642,37.989768
884,854,23.876986,37.990928
885,854,23.896294,38.024844
887,854,23.85921,38.026889
888,854,23.858627,38.131835
889,854,23.861586,38.011367
891,854,23.867776,38.005919
892,854,23.869974,37.990829
893,854,23.727216,38.026778
894,854,23.821968,38.066733
895,854,23.826876,37.847793
896,854,23.811915,38.100177
897,854,23.814138,38.105819
898,854,23.775947,37.993389
899,854,23.873154,38.228462
900,854,23.857154,38.135642
901,854,23.926638,37.879241
903,854,23.768747,38.108222
905,854,23.858461,38.007541
906,854,23.879256,37.989455
908,854,23.869854,37.996097
910,854,23.832363,38.0134
912,854,23.831288,38.118999
913,854,23.835199,38.103431
914,854,23.787497,38.08644
915,854,23.753126,37.980514
916,854,23.909662,37.87025
917,854,23.843998,38.046878
920,854,23.826084,38.057135
