863,857,23.825764,38.102725
864,857,23.858247,38.006427
865,857,23.833372,38.014445
866,857,23.881988,37.990588
867,857,23.823337,38.052615
870,857,23.881183,37.989821
870,857,23.881183,37.989821
872,857,23.790392,38.091014
874,857,23.842119,38.010753
876,857,23.730591,38.087188
878,857,23.763105,38.105655
879,857,23.858158,38.008929
882,857,23.760986,38.038512
883,857,23.884258,37.930519
884,857,23.900306,37.957012
885,857,23.88164,37.990429
887,857,23.859471,38.024158
888,857,23.856428,38.168403
889,857,23.730533,38.009929
891,857,23.867267,38.002807
892,857,23.882305,38.003825
893,857,23.727605,38.027858
894,857,23.829599,38.063682
895,857,23.828876,37.849334
896,857,23.839113,38.130625
897,857,23.817028,38.105761
898,857,23.95055,38.018837
899,857,23.871442,38.230922
900,857,23.784977,38.083728
901,857,23.924978,37.876101
903,857,23.768689,38.107322
905,857,23.804268,38.042064
906,857,23.872202,37.993159
908,857,23.881483,37.990199
910,857,23.841821,38.010772
912,857,23.829428,38.118087
913,857,23.83412,38.104682
914,857,23.792377,38.092971
915,857,23.784884,38.009456
916,857,23.909711,37.870201
917,857,23.840875,38.131023
920,857,23.8452,38.022193
