863,858,23.841003,38.130919
864,858,23.858257,38.006465
865,858,23.87323,37.990516
866,858,23.842407,38.010669
867,858,23.778927,37.995173
870,858,23.804237,38.00838
870,858,23.804237,38.00838
872,858,23.741415,38.102134
874,858,23.870245,37.995689
876,858,23.859329,38.109538
878,858,23.761705,38.105495
879,858,23.828085,38.013904
882,858,23.838957,38.130343
883,858,23.881255,37.989955
884,858,23.810776,38.039824
885,858,23.898224,38.021464
887,858,23.861082,38.010177
888,858,23.855309,38.172912
889,858,23.861197,38.011619
891,858,23.866277,38.000346
892,858,23.871403,37.992278
893,858,23.757241,38.062335
894,858,23.833759,38.06158
895,858,23.747738,37.864288
896,858,23.809914,38.096339
897,858,23.811897,38.103041
898,858,23.777028,37.991046
899,858,23.81888,38.083484
900,858,23.840359,38.131465
901,858,23.78519,38.009513
903,858,23.768968,38.106662
905,858,23.856652,38.00806
906,858,23.876525,37.991237
908,858,23.874444,37.992637
910,858,23.844881,38.010432
912,858,23.846195,38.142925
913,858,23.833021,38.053485
914,858,23.796068,38.0965
915,858,23.784803,38.009487
916,858,23.909421,37.869208
917,858,23.840996,38.130862
920,858,23.885641,38.003677
