863,86,23.840545,38.131667
862,86,23.84453,38.01052
864,86,23.854836,38.004024
865,86,23.881805,37.990359
866,86,23.881334,37.993747
867,86,23.8593,37.988311
869,86,23.812029,38.076103
870,86,23.854793,38.007693
870,86,23.854793,38.007693
872,86,23.841716,38.135837
873,86,23.875059,37.992694
874,86,23.881858,37.991931
875,86,23.821184,38.021934
876,86,23.760567,38.099047
878,86,23.840685,38.131816
879,86,23.905378,37.971423
880,86,23.694925,38.075343
882,86,23.840647,38.131759
883,86,23.880806,37.995731
884,86,23.853044,38.008964
885,86,23.889612,38.009326
887,86,23.858475,38.007148
888,86,23.857101,38.131225
889,86,23.817503,38.088314
891,86,23.857969,38.0055
892,86,23.931563,37.861629
893,86,23.758058,38.067786
894,86,23.880585,37.989257
895,86,23.867649,37.989532
896,86,23.859142,38.109653
897,86,23.822263,38.11082
898,86,23.857597,38.008144
899,86,23.835764,38.123706
900,86,23.820397,38.078246
901,86,23.79889,38.017345
903,86,23.767807,38.107776
904,86,23.768035,38.111919
905,86,23.860433,38.019489
906,86,23.818075,38.013042
908,86,23.818079,38.014655
910,86,23.822247,38.013785
911,86,23.809126,38.060821
912,86,23.856953,38.135841
913,86,23.87554,38.220691
914,86,23.814318,38.104163
915,86,23.871153,38.001788
916,86,23.865415,37.951766
917,86,23.836275,38.124747
918,86,23.7679,38.108192
920,86,23.881394,37.989914
921,86,23.918624,37.868983
