863,860,23.825443,38.100814
864,860,23.858417,38.006977
865,860,23.881208,37.989932
866,860,23.881899,37.991607
867,860,23.79396,38.016536
870,860,23.826626,38.013885
870,860,23.826626,38.013885
872,860,23.791083,38.092155
874,860,23.869674,37.99617
876,860,23.841088,38.130958
878,860,23.760465,38.105365
879,860,23.857939,38.008597
882,860,23.837205,38.126663
883,860,23.881325,37.989986
884,860,23.848738,37.997223
885,860,23.897795,38.018783
887,860,23.85948,38.024138
888,860,23.853429,38.180899
889,860,23.860277,38.01297
891,860,23.865318,37.998637
892,860,23.871462,37.9944
893,860,23.757351,38.062507
894,860,23.835579,38.060878
895,860,23.747797,37.864319
896,860,23.809623,38.095401
897,860,23.801327,38.09888
898,860,23.77911,37.988376
899,860,23.870043,38.233832
900,860,23.837488,38.042972
901,860,23.922677,37.874523
903,860,23.7679,38.108783
905,860,23.806439,38.041404
906,860,23.883943,37.930915
908,860,23.876485,37.991268
910,860,23.854661,38.008682
912,860,23.827318,38.115817
913,860,23.833121,38.105602
914,860,23.807598,38.101077
915,860,23.784893,38.009436
916,860,23.909561,37.869278
917,860,23.801599,38.075423
920,860,23.845329,38.022182
