863,862,23.791302,38.091987
864,862,23.858538,38.007445
865,862,23.833472,38.014686
866,862,23.845506,38.010299
867,862,23.855304,37.989997
870,862,23.839773,38.046447
870,862,23.839773,38.046447
872,862,23.810108,38.050758
874,862,23.866474,37.997951
876,862,23.861089,38.108348
878,862,23.758775,38.104205
879,862,23.906879,37.86851
882,862,23.834677,38.122531
883,862,23.879547,38.002548
884,862,23.900537,37.95898
885,862,23.899065,38.016543
887,862,23.836464,38.02861
888,862,23.858618,38.131725
889,862,23.860348,38.017291
891,862,23.870068,37.995978
892,862,23.870281,37.995788
893,862,23.757361,38.062568
894,862,23.836088,38.060378
895,862,23.748137,37.865077
896,862,23.809134,38.093162
897,862,23.796216,38.09687
898,862,23.95088,38.024218
899,862,23.763235,38.069831
900,862,23.854925,38.152114
901,862,23.847697,38.022075
903,862,23.767963,38.113559
905,862,23.853741,38.00891
906,862,23.874946,37.992286
908,862,23.880245,37.989036
910,862,23.858312,38.00759
912,862,23.820866,38.069274
913,862,23.787182,38.086001
914,862,23.815128,38.103851
915,862,23.783132,38.009796
916,862,23.907717,37.868614
917,862,23.800517,38.076602
920,862,23.887151,38.003413
