863,867,23.824053,38.096614
864,867,23.846228,38.010249
865,867,23.833432,38.014804
866,867,23.830614,38.025935
867,867,23.859495,37.988189
870,867,23.774532,38.001758
870,867,23.774532,38.001758
872,867,23.748436,38.097064
874,867,23.825758,38.01393
876,867,23.730231,38.08348
878,867,23.753065,38.095913
879,867,23.814045,38.011962
882,867,23.760027,38.039561
883,867,23.879568,38.002578
884,867,23.900377,37.96078
885,867,23.901886,38.014453
887,867,23.860382,38.014957
888,867,23.85355,38.1986
889,867,23.859308,38.02695
891,867,23.881557,37.990314
892,867,23.881303,37.990138
893,867,23.786097,38.08443
894,867,23.83885,38.054607
895,867,23.842676,37.859695
896,867,23.809244,38.089251
897,867,23.823537,38.112651
898,867,23.88065,37.989432
899,867,23.820991,38.076663
900,867,23.761466,38.041961
901,867,23.850016,38.020675
903,867,23.769999,38.105945
905,867,23.733537,37.970634
906,867,23.767723,37.988581
908,867,23.981617,38.062232
910,867,23.861413,38.002257
912,867,23.822878,38.111357
913,867,23.832012,38.051482
914,867,23.825779,38.11423
915,867,23.753056,37.980506
916,867,23.908242,37.868816
917,867,23.800087,38.086475
920,867,23.783279,38.009704
