863,869,23.822622,38.093643
864,869,23.840896,38.010921
865,869,23.872183,38.017619
866,869,23.848577,37.997157
867,869,23.824487,38.053237
870,869,23.803837,38.00817
870,869,23.803837,38.00817
872,869,23.797672,38.097534
874,869,23.825288,38.013912
876,869,23.73011,38.081099
878,869,23.752636,38.094161
879,869,23.809275,38.010784
882,869,23.824649,38.098494
883,869,23.879488,38.002578
884,869,23.881357,37.990039
885,869,23.901787,38.012523
887,869,23.86031,38.018069
888,869,23.857479,38.201011
889,869,23.856508,38.031783
891,869,23.881897,37.990611
892,869,23.879718,38.003867
893,869,23.758762,38.064506
894,869,23.8386,38.051807
895,869,23.846166,37.861717
896,869,23.809494,38.08784
897,869,23.826458,38.114962
898,869,23.780809,37.982387
899,869,23.870403,38.238586
900,869,23.840076,38.132323
901,869,23.851715,38.018104
903,869,23.768551,38.108783
905,869,23.855006,38.006309
906,869,23.870312,37.995838
908,869,23.982135,38.060325
910,869,23.907836,37.869284
912,869,23.819958,38.108519
913,869,23.82604,38.109679
914,869,23.826368,38.114799
915,869,23.794155,38.016353
916,869,23.906891,37.868606
917,869,23.799508,38.087744
920,869,23.887441,38.002372
