863,871,23.821842,38.092414
864,871,23.838677,38.01166
865,871,23.850242,38.026313
866,871,23.829263,38.027057
867,871,23.783243,38.010009
870,871,23.825056,38.013836
870,871,23.825056,38.013836
872,871,23.810528,38.052417
874,871,23.824139,38.013862
876,871,23.73014,38.079558
878,871,23.756806,38.091029
879,871,23.804724,38.008654
882,871,23.826627,38.115214
883,871,23.894558,37.904045
884,871,23.900487,37.962852
885,871,23.896097,38.011691
887,871,23.833654,38.025294
888,871,23.86223,38.205501
889,871,23.856978,38.033012
891,871,23.881357,37.990161
892,871,23.881294,37.990119
893,871,23.733165,38.03683
894,871,23.83962,38.049693
895,871,23.849516,37.864319
896,871,23.840912,38.131107
897,871,23.829838,38.118514
898,871,23.781768,37.981845
899,871,23.782606,38.080314
900,871,23.859455,38.133014
901,871,23.853426,38.014285
903,871,23.765368,38.112853
905,871,23.733227,37.970775
906,871,23.770443,37.99039
908,871,23.985286,38.052993
910,871,23.908387,37.869403
912,871,23.816267,38.105079
913,871,23.785992,38.084449
914,871,23.830748,38.118629
915,871,23.795425,38.015582
916,871,23.906872,37.868618
917,871,23.796788,38.091125
920,871,23.783038,38.009853
