863,872,23.771002,38.073299
864,872,23.837245,38.012351
865,872,23.833481,38.014766
866,872,23.880129,37.998519
867,872,23.795521,38.017688
870,872,23.773613,38.002158
870,872,23.773613,38.002158
872,872,23.802183,38.099265
874,872,23.858405,38.006873
876,872,23.871449,38.104408
878,872,23.757546,38.090461
879,872,23.860647,38.007209
882,872,23.825399,38.100555
883,872,23.894567,37.904033
884,872,23.809046,38.040625
885,872,23.894027,38.010913
887,872,23.86194,38.01789
888,872,23.865869,38.206592
889,872,23.855568,38.034843
891,872,23.881367,37.990161
892,872,23.877388,38.003868
893,872,23.759742,38.065997
894,872,23.839741,38.048065
895,872,23.748478,37.866825
896,872,23.812224,38.088172
897,872,23.784647,38.083342
898,872,23.948579,38.029838
899,872,23.872744,38.239917
900,872,23.8229,38.093917
901,872,23.916487,37.867851
903,872,23.766604,38.113337
905,872,23.855986,38.005317
906,872,23.886784,37.933555
908,872,23.987658,38.048423
910,872,23.861761,38.001617
912,872,23.826093,38.065193
913,872,23.82658,38.11148
914,872,23.832318,38.12012
915,872,23.797036,38.015022
916,872,23.909647,37.868938
917,872,23.840985,38.131194
920,872,23.851688,38.030345
