863,875,23.821333,38.091666
864,875,23.836185,38.012783
865,875,23.877239,37.990894
866,875,23.827543,38.028777
867,875,23.828098,38.052276
870,875,23.803476,38.008052
870,875,23.803476,38.008052
872,875,23.805504,38.100573
874,875,23.858405,38.006885
876,875,23.732681,38.0773
878,875,23.759334,38.09032
879,875,23.795593,38.005603
882,875,23.824627,38.114074
883,875,23.976989,38.014358
884,875,23.839459,38.05104
885,875,23.888948,38.00904
887,875,23.863911,38.017559
888,875,23.874552,38.213832
889,875,23.847918,38.041743
891,875,23.880507,37.989139
892,875,23.862561,37.99977
893,875,23.734285,38.039821
894,875,23.839901,38.046245
895,875,23.856796,37.87046
896,875,23.813623,38.088393
897,875,23.834737,38.122634
898,875,23.94814,38.031177
899,875,23.875734,38.240718
900,875,23.780537,38.078246
901,875,23.857496,38.009235
903,875,23.764957,38.111762
905,875,23.732268,37.970603
906,875,23.775503,37.992919
908,875,23.987735,38.035953
910,875,23.908957,37.869964
912,875,23.806387,38.100868
913,875,23.828809,38.114341
914,875,23.840558,38.131832
915,875,23.800385,38.014209
916,875,23.909736,37.869369
917,875,23.835601,38.045085
920,875,23.784709,38.011054