863,876,23.758942,38.068511
864,876,23.836086,38.01282
865,876,23.848504,38.026874
866,876,23.880509,38.00109
867,876,23.784307,37.999064
870,876,23.856111,38.003585
870,876,23.856111,38.003585
872,876,23.753925,38.097304
874,876,23.761665,37.987014
876,876,23.875907,38.102324
878,876,23.762354,38.09122
879,876,23.861986,38.004516
882,876,23.82571,38.102207
883,876,23.906487,37.898826
884,876,23.903808,37.963523
885,876,23.881897,37.990611
887,876,23.860462,38.019737
888,876,23.876131,38.214912
889,876,23.846567,38.042423
891,876,23.880377,37.989177
892,876,23.876049,38.000129
893,876,23.760122,38.068019
894,876,23.842731,38.044525
895,876,23.748879,37.867156
896,876,23.813814,38.088412
897,876,23.776987,38.075782
898,876,23.780147,37.980052
899,876,23.820732,38.07233
900,876,23.840319,38.131465
901,876,23.913098,37.866958
903,876,23.766963,38.113288
905,876,23.856297,38.004317
906,876,23.889953,37.934116
908,876,23.984356,38.032481
910,876,23.876728,38.003955
912,876,23.831974,38.062491
913,876,23.83307,38.04803
914,876,23.840667,38.131641
915,876,23.752186,37.978416
916,876,23.909733,37.870254
917,876,23.793947,38.094875
920,876,23.887391,38.00209
