863,879,23.753751,38.066409
864,879,23.834457,38.013202
865,879,23.875099,37.992385
866,879,23.826323,38.029795
867,879,23.864947,37.986289
870,879,23.835352,38.043597
870,879,23.835352,38.043597
872,879,23.755596,38.099754
874,879,23.761656,37.986984
876,879,23.73279,38.075801
878,879,23.771932,38.09246
879,879,23.793753,38.00421
882,879,23.823747,38.112564
883,879,23.808363,38.060256
884,879,23.838829,38.051502
885,879,23.881847,37.990612
887,879,23.860323,38.020625
888,879,23.87648,38.217734
889,879,23.730502,38.00996
891,879,23.876898,37.9911
892,879,23.85792,38.002082
893,879,23.734976,38.04259
894,879,23.851562,38.038333
895,879,23.858425,37.871619
896,879,23.814555,38.088542
897,879,23.839616,38.131774
898,879,23.779497,37.979122
899,879,23.820992,38.068488
900,879,23.855856,38.156055
901,879,23.857537,38.008106
903,879,23.762497,38.112262
905,879,23.856447,38.003227
906,879,23.779873,37.995819
908,879,23.881703,37.990379
910,879,23.876698,38.003966
912,879,23.796908,38.097159
913,879,23.83176,38.045951
914,879,23.840797,38.130778
915,879,23.804075,38.014312
916,879,23.908451,37.869529
917,879,23.837751,38.045417
920,879,23.789949,38.014815
