863,880,23.820543,38.091113
864,880,23.834398,38.013221
865,880,23.845553,38.028415
866,880,23.880668,38.002581
867,880,23.927754,37.970496
870,880,23.879604,37.989311
870,880,23.879604,37.989311
872,880,23.809028,38.057425
874,880,23.820497,38.013671
876,880,23.881729,38.102165
878,880,23.774653,38.092281
879,880,23.862135,38.000144
882,880,23.82601,38.104396
883,880,23.916626,37.892719
884,880,23.907099,37.964214
885,880,23.880241,37.989013
887,880,23.831455,38.026065
888,880,23.875481,38.220283
889,880,23.842069,38.044921
891,880,23.873799,37.9934
892,880,23.875749,37.996837
893,880,23.764082,38.070041
894,880,23.855941,38.034583
895,880,23.74882,37.867168
896,880,23.841112,38.130924
897,880,23.766987,38.071662
898,880,23.87862,37.989864
899,880,23.793156,38.094134
900,880,23.825359,38.09962
901,880,23.910846,37.867069
903,880,23.761307,38.112162
905,880,23.834482,38.013079
906,880,23.892013,37.938465
908,880,23.982087,38.021232
910,880,23.86639,37.998015
912,880,23.836044,38.060771
913,880,23.830649,38.11806
914,880,23.840967,38.13084
915,880,23.750865,37.977336
916,880,23.908451,37.869517
917,880,23.794708,38.097095
920,880,23.791759,38.015636
