863,881,23.840584,38.13177
864,881,23.833199,38.013499
865,881,23.8692,37.996448
866,881,23.855689,38.005401
867,881,23.831607,38.051265
870,881,23.802946,38.008014
870,881,23.802946,38.008014
872,881,23.809034,38.102035
874,881,23.858484,38.007186
876,881,23.73118,38.075691
878,881,23.777323,38.0909
879,881,23.791033,38.002269
882,881,23.841076,38.130954
883,881,23.808572,38.060496
884,881,23.808506,38.040817
885,881,23.886139,38.00616
887,881,23.865751,38.016116
888,881,23.840981,38.131248
889,881,23.84191,38.04502
891,881,23.872309,37.995311
892,881,23.858179,38.000411
893,881,23.790426,38.090377
894,881,23.856431,38.032142
895,881,23.858425,37.87165
896,881,23.814943,38.08858
897,881,23.840637,38.131484
898,881,23.947128,38.033736
899,881,23.881834,38.238029
900,881,23.820904,38.069937
901,881,23.857555,38.008075
903,881,23.761036,38.111812
905,881,23.730389,37.967551
906,881,23.861181,38.000346
908,881,23.881233,37.989989
910,881,23.909388,37.870494
912,881,23.793308,38.094569
913,881,23.82999,38.044322
914,881,23.840977,38.130989
915,881,23.805605,38.013744
916,881,23.909626,37.869068
917,881,23.840564,38.131854
920,881,23.887373,38.002471
