863,885,23.751651,38.060981
864,885,23.831027,38.01403
865,885,23.86549,37.998538
866,885,23.823461,38.032756
867,885,23.931103,37.973228
870,885,23.877454,37.990661
870,885,23.877454,37.990661
872,885,23.758816,38.104396
874,885,23.815897,38.012439
876,885,23.88707,38.099494
878,885,23.790004,38.091682
879,885,23.783224,37.998187
882,885,23.75866,38.045321
883,885,23.926166,37.882259
884,885,23.808777,38.040756
885,885,23.884308,38.004252
887,885,23.859673,38.024524
888,885,23.872952,38.228843
889,885,23.840959,38.045616
891,885,23.864437,37.999171
892,885,23.858108,37.998771
893,885,23.793146,38.093978
894,885,23.86037,38.01839
895,885,23.881573,37.99158
896,885,23.816673,38.088233
897,885,23.751318,38.064902
898,885,23.779907,37.977172
899,885,23.823403,38.066707
900,885,23.825597,38.114196
901,885,23.859246,38.007334
903,885,23.756304,38.100616
905,885,23.859598,38.001487
906,885,23.858541,38.002097
908,885,23.980276,38.018573
910,885,23.908558,37.870483
912,885,23.788698,38.088629
913,885,23.786702,38.085078
914,885,23.841009,38.130927
915,885,23.806984,38.014114
916,885,23.909396,37.868857
917,885,23.83982,38.047737
920,885,23.79546,38.017643
