863,886,23.819673,38.090171
864,886,23.830577,38.014099
865,886,23.864153,38.018451
866,886,23.880697,38.002853
867,886,23.866386,37.988578
870,886,23.802196,38.009063
870,886,23.802196,38.009063
872,886,23.809288,38.063075
874,886,23.857873,38.007678
876,886,23.840917,38.131278
878,886,23.791704,38.092681
879,886,23.869493,37.996223
882,886,23.817038,38.105785
883,886,23.926736,37.879428
884,886,23.852589,37.9981
885,886,23.881816,37.990489
887,886,23.829934,38.027003
888,886,23.870672,38.232684
889,886,23.84087,38.045677
891,886,23.860968,38.000602
892,886,23.880255,37.988998
893,886,23.842724,38.137484
894,886,23.860281,38.013701
895,886,23.74847,37.866946
896,886,23.816932,38.088123
897,886,23.840877,38.131156
898,886,23.87525,37.993022
899,886,23.806227,38.100597
900,886,23.841846,38.135894
901,886,23.910627,37.869826
903,886,23.757984,38.099967
905,886,23.830464,38.013892
906,886,23.870268,37.995483
908,886,23.978246,38.017161
910,886,23.876341,37.991355
912,886,23.838014,38.064094
913,886,23.837118,38.126193
914,886,23.840977,38.13092
915,886,23.807363,38.015952
916,886,23.907473,37.869208
917,886,23.79867,38.097923
920,886,23.887354,38.00259
