863,888,23.756252,38.060032
864,888,23.827509,38.014121
865,888,23.842922,38.027263
866,888,23.856458,38.003162
867,888,23.789617,38.001784
870,888,23.823495,38.013812
870,888,23.823495,38.013812
872,888,23.760366,38.105315
874,888,23.815017,38.01221
876,888,23.888599,38.097404
878,888,23.795503,38.096553
879,888,23.871803,37.995471
882,888,23.759279,38.046611
883,888,23.808552,38.060489
884,888,23.906178,37.966793
885,888,23.884407,38.003951
887,888,23.859312,38.027145
888,888,23.868952,38.237697
889,888,23.8405,38.045936
891,888,23.857918,38.004543
892,888,23.880047,37.989161
893,888,23.775303,38.074634
894,888,23.85738,38.010291
895,888,23.748381,37.866816
896,888,23.817112,38.087779
897,888,23.840877,38.131125
898,888,23.780098,37.977103
899,888,23.826233,38.066497
900,888,23.859446,38.131854
901,888,23.910238,37.869925
903,888,23.760754,38.099067
905,888,23.863178,37.999557
906,888,23.897055,37.948883
908,888,23.977026,38.014712
910,888,23.879951,37.989074
912,888,23.838545,38.064704
913,888,23.786733,38.085097
914,888,23.841049,38.131068
915,888,23.808153,38.017803
916,888,23.907102,37.868907
917,888,23.839762,38.048915
920,888,23.79603,38.017742
