863,89,23.821565,38.091849
862,89,23.80042,38.038131
864,89,23.858368,38.006755
865,89,23.881556,37.990352
866,89,23.881193,37.990035
867,89,23.86104,37.987201
869,89,23.811049,38.070922
870,89,23.856163,38.003845
870,89,23.856163,38.003845
872,89,23.842966,38.137878
873,89,23.881325,38.003829
874,89,23.881309,37.990043
875,89,23.829344,38.023345
876,89,23.769567,38.097079
878,89,23.764193,38.106463
879,89,23.961725,38.153659
880,89,23.691385,38.072406
882,89,23.839716,38.131759
883,89,23.887766,37.985167
884,89,23.856705,38.003062
885,89,23.87573,37.996779
887,89,23.878582,37.953506
888,89,23.828729,38.117259
889,89,23.818144,38.087783
891,89,23.85816,38.00611
892,89,23.931549,37.840972
893,89,23.707083,38.016971
894,89,23.846998,38.010119
895,89,23.849397,37.966015
896,89,23.818649,38.084228
897,89,23.808473,38.101722
898,89,23.881357,37.99018
899,89,23.828623,38.117114
900,89,23.820865,38.076816
901,89,23.775131,38.032386
903,89,23.765848,38.106986
904,89,23.769127,38.10765
905,89,23.860254,38.021037
906,89,23.813144,38.01179
908,89,23.816599,38.015174
910,89,23.817917,38.013015
911,89,23.809805,38.06536
912,89,23.770937,38.073219
913,89,23.875731,38.222632
914,89,23.831003,38.118789
915,89,23.872183,38.004939
916,89,23.862267,37.951037
917,89,23.829516,38.118118
918,89,23.769211,38.107623
920,89,23.881283,37.989982
921,89,23.915334,37.867633
