863,891,23.763712,38.059649
864,891,23.825909,38.013992
865,891,23.876237,37.998477
866,891,23.852617,37.999023
867,891,23.868116,37.989887
870,891,23.801866,38.010161
870,891,23.801866,38.010161
872,891,23.763346,38.105636
874,891,23.881941,37.990482
876,891,23.841059,38.131095
878,891,23.804403,38.100112
879,891,23.777033,37.99401
882,891,23.761469,38.048202
883,891,23.808493,38.05915
884,891,23.835199,38.051169
885,891,23.884447,38.003673
887,891,23.859192,38.029803
888,891,23.876282,38.240775
889,891,23.84013,38.046226
891,891,23.856519,38.008223
892,891,23.87491,37.992659
893,891,23.741268,38.048442
894,891,23.857358,38.007202
895,891,23.881373,37.990131
896,891,23.816692,38.08707
897,891,23.762319,38.059802
898,891,23.851914,38.030871
899,891,23.826213,38.064616
900,891,23.825765,38.139095
901,891,23.861584,38.003387
903,891,23.763205,38.098357
905,891,23.866709,37.997836
906,891,23.786753,38.000579
908,891,23.878854,37.989818
910,891,23.880692,37.989425
912,891,23.779498,38.077358
913,891,23.893629,38.102012
914,891,23.840029,38.131858
915,891,23.751166,37.975437
916,891,23.906856,37.868728
917,891,23.839712,38.049514
920,891,23.799089,38.01731
