863,892,23.818273,38.089122
864,892,23.825529,38.01398
865,892,23.840273,38.028434
866,892,23.858328,38.002192
867,892,23.933903,37.976748
870,892,23.863051,37.999645
870,892,23.863051,37.999645
872,892,23.810648,38.067298
874,892,23.856513,38.00877
876,892,23.840627,38.131797
878,892,23.807213,38.101284
879,892,23.877823,37.990382
882,892,23.805107,38.100364
883,892,23.879788,38.002567
884,892,23.905616,37.969493
885,892,23.881897,37.990607
887,892,23.872061,38.017375
888,892,23.880201,38.238845
889,892,23.839951,38.046367
891,892,23.853939,38.009002
892,892,23.878347,37.990161
893,892,23.780653,38.078033
894,892,23.855648,38.007331
895,892,23.858755,37.871879
896,892,23.816341,38.08641
897,892,23.76656,38.058982
898,892,23.779787,37.976913
899,892,23.814996,38.104175
900,892,23.843925,38.139697
901,892,23.909197,37.869518
903,892,23.76861,38.108104
905,892,23.822542,38.01374
906,892,23.899275,37.953502
908,892,23.968826,38.010425
910,892,23.907188,37.870365
912,892,23.838403,38.064933
913,892,23.840337,38.131766
914,892,23.839078,38.130497
915,892,23.812332,38.016792
916,892,23.906803,37.868636
917,892,23.80653,38.10102
920,892,23.853098,38.030639
