863,895,23.817574,38.088343
864,895,23.823509,38.013912
865,895,23.877718,38.000487
866,895,23.852737,37.997943
867,895,23.783052,38.00983
870,895,23.875034,37.992644
870,895,23.875034,37.992644
872,895,23.811018,38.069049
874,895,23.88187,37.990531
876,895,23.840538,38.131866
878,895,23.815203,38.105513
879,895,23.769493,37.989601
882,895,23.798317,38.097736
883,895,23.919346,37.869544
884,895,23.903866,37.974273
885,895,23.872611,37.994975
887,895,23.856481,38.031832
888,895,23.886761,38.243423
889,895,23.839901,38.047687
891,895,23.84556,38.010432
892,895,23.875521,37.991881
893,895,23.744497,38.051754
894,895,23.856179,38.003421
895,895,23.826881,38.029228
896,895,23.840992,38.130973
897,895,23.77888,38.053019
898,895,23.852503,38.030883
899,895,23.816437,38.105624
900,895,23.745268,38.085494
901,895,23.862103,37.999927
903,895,23.768176,38.096797
905,895,23.822262,38.013739
906,895,23.790422,38.002017
908,895,23.874865,37.992427
910,895,23.881869,37.990535
912,895,23.770229,38.072924
913,895,23.840818,38.131137
914,895,23.829781,38.117565
915,895,23.755785,37.979297
916,895,23.909172,37.868911
917,895,23.807988,38.10163
920,895,23.80498,38.018333
