863,896,23.829514,38.118019
864,896,23.82341,38.013911
865,896,23.838123,38.029372
866,896,23.862179,37.999881
867,896,23.801872,38.017703
870,896,23.801636,38.011062
870,896,23.801636,38.011062
872,896,23.826209,38.114746
874,896,23.857173,38.0097
876,896,23.894709,38.092513
878,896,23.817863,38.106693
879,896,23.881233,37.99002
882,896,23.826129,38.111106
883,896,23.811913,38.055561
884,896,23.858189,38.000205
885,896,23.884777,38.001929
887,896,23.871009,38.011004
888,896,23.888661,38.246765
889,896,23.839871,38.048125
891,896,23.84293,38.010753
892,896,23.875867,37.991771
893,896,23.784782,38.083102
894,896,23.857229,38.002781
895,896,23.881332,37.990131
896,896,23.815992,38.083713
897,896,23.782549,38.050349
898,896,23.87348,37.995296
899,896,23.888693,38.246825
900,896,23.856806,38.160395
901,896,23.907137,37.86885
903,896,23.768702,38.107204
905,896,23.721448,37.960658
906,896,23.900315,37.955833
908,896,23.959655,38.007816
910,896,23.876757,38.003936
912,896,23.846765,38.142585
913,896,23.825048,38.042197
914,896,23.841057,38.131107
915,896,23.814022,38.01617
916,896,23.910051,37.868659
917,896,23.831116,38.118903
920,896,23.851719,38.027927
