863,898,23.817515,38.088264
864,898,23.822399,38.01377
865,898,23.859161,38.020621
866,898,23.880776,38.003082
867,898,23.934793,37.981139
870,898,23.823036,38.013813
870,898,23.823036,38.013813
872,898,23.811058,38.07051
874,898,23.813149,38.011733
876,898,23.894999,38.091602
878,898,23.822493,38.111152
879,898,23.881233,37.990032
882,898,23.793017,38.094234
883,898,23.918716,37.869014
884,898,23.897745,37.978664
885,898,23.883328,38.00254
887,898,23.87113,38.008033
888,898,23.891131,38.248794
889,898,23.839861,38.048507
891,898,23.836088,38.012866
892,898,23.874874,37.992347
893,898,23.845434,38.139335
894,898,23.85908,38.001818
895,898,23.82666,38.029509
896,898,23.813642,38.078624
897,898,23.782709,38.047908
898,898,23.854532,38.029945
899,898,23.820627,38.109393
900,898,23.821024,38.067127
901,898,23.906897,37.868628
903,898,23.768662,38.106833
905,898,23.822172,38.01379
906,898,23.867358,37.997493
908,898,23.955104,38.006377
910,898,23.876356,38.003367
912,898,23.760019,38.068817
913,898,23.840828,38.131106
914,898,23.841026,38.131137
915,898,23.814481,38.016009
916,898,23.909892,37.86877
917,898,23.81176,38.103141
920,898,23.850319,38.026328
