863,9,23.881756,38.215499
862,9,23.880935,37.989681
864,9,23.868921,37.996532
865,9,23.95814,38.159164
866,9,23.881923,37.990474
867,9,23.861013,37.987625
869,9,23.863368,38.121677
870,9,23.88063,37.989299
872,9,23.839863,38.131873
873,9,23.881918,37.990504
874,9,23.881283,37.99422
875,9,23.761219,38.019424
876,9,23.728172,38.079044
878,9,23.840246,38.131366
879,9,23.984566,38.054336
880,9,23.828392,38.116851
882,9,23.840759,38.13148
883,9,23.880169,37.988933
884,9,23.730022,38.016124
885,9,23.881309,37.990119
887,9,23.882064,37.990653
888,9,23.880972,37.990127
889,9,23.844826,38.141242
891,9,23.881269,37.990172
892,9,23.930548,37.857505
893,9,23.706902,38.017749
894,9,23.880863,37.995342
895,9,23.843004,37.967521
896,9,23.841185,38.130798
897,9,23.814301,38.104171
898,9,23.857413,38.00801
899,9,23.83959,38.131606
900,9,23.823612,38.111491
901,9,23.75313,38.01997
903,9,23.768568,38.108921
904,9,23.763773,38.106364
905,9,23.881395,37.989959
906,9,23.864101,37.976474
908,9,23.882433,37.987796
910,9,23.881613,37.990383
911,9,23.838999,38.130649
912,9,23.840517,38.131362
913,9,23.841026,38.130999
914,9,23.725399,38.078628
915,9,23.854342,38.001677
916,9,23.853153,38.008205
917,9,23.752844,38.093875
918,9,23.766158,38.107769
920,9,23.857469,38.008033
921,9,23.846534,38.010142
