863,900,23.780212,38.052157
864,900,23.822039,38.013771
865,900,23.837494,38.029651
866,900,23.866699,37.997821
867,900,23.791117,38.002296
870,900,23.876194,37.994376
870,900,23.876194,37.994376
872,900,23.765865,38.106425
874,900,23.763198,37.986042
876,900,23.895008,38.091429
878,900,23.826794,38.115241
879,900,23.766384,37.987552
882,900,23.768581,38.108593
883,900,23.879518,38.002517
884,900,23.827808,38.052588
885,900,23.882967,38.001849
887,900,23.871731,38.005485
888,900,23.891142,38.248794
889,900,23.83983,38.048877
891,900,23.833599,38.013408
892,900,23.874277,37.991821
893,900,23.788671,38.088142
894,900,23.867679,37.997355
895,900,23.82632,38.029418
896,900,23.812073,38.076206
897,900,23.778559,38.042289
898,900,23.942108,38.039077
899,900,23.835643,38.060973
900,900,23.810864,38.067653
901,900,23.906866,37.868667
903,900,23.773065,38.098838
905,900,23.877108,37.990856
906,900,23.900514,37.958041
908,900,23.881126,37.989875
910,900,23.881441,37.990241
912,900,23.838323,38.065013
913,900,23.840847,38.131137
914,900,23.840866,38.131358
915,900,23.816323,38.016768
916,900,23.90954,37.869232
917,900,23.839582,38.050834
920,900,23.84973,38.025619
