863,901,23.818535,38.086925
864,901,23.820959,38.01372
865,901,23.857929,37.998427
866,901,23.82213,38.033107
867,901,23.803661,38.018134
870,901,23.801605,38.011733
870,901,23.801605,38.011733
872,901,23.811808,38.072459
874,901,23.812418,38.011573
876,901,23.837499,38.127299
878,901,23.829254,38.117751
879,901,23.881252,37.990142
882,901,23.765777,38.051291
883,901,23.917017,37.868053
884,901,23.894335,37.980883
885,901,23.861794,38.000068
887,901,23.881529,37.99029
888,901,23.891151,38.248782
889,901,23.839812,38.049129
891,901,23.833579,38.013408
892,901,23.85269,37.998184
893,901,23.815117,38.103996
894,901,23.87002,37.996066
895,901,23.859516,37.872447
896,901,23.812072,38.075557
897,901,23.777739,38.041629
898,901,23.854023,38.029224
899,901,23.823578,38.113852
900,901,23.761778,38.041572
901,901,23.869083,37.996375
903,901,23.774385,38.100318
905,901,23.820372,38.013709
906,901,23.858041,38.00563
908,901,23.951164,38.005286
910,901,23.875727,38.001407
912,901,23.751619,38.065116
913,901,23.881418,38.10218
914,901,23.82057,38.108603
915,901,23.760684,37.981754
916,901,23.908147,37.868796
917,901,23.814359,38.105342
920,901,23.887094,38.003471
