863,906,23.782392,38.046878
864,906,23.818619,38.013129
865,906,23.856182,38.02101
866,906,23.858118,38.000637
867,906,23.784332,38.009269
870,906,23.801605,38.011844
870,906,23.801605,38.011844
872,906,23.766935,38.107833
874,906,23.766798,37.98754
876,906,23.839989,38.131888
878,906,23.838053,38.128413
879,906,23.760714,37.985042
882,906,23.787647,38.087226
883,906,23.912937,37.866962
884,906,23.823769,38.05297
885,906,23.880257,37.999298
887,906,23.8719,38.005123
888,906,23.840963,38.131144
889,906,23.730564,38.009955
891,906,23.82843,38.014114
892,906,23.871944,37.989829
893,906,23.755106,38.066581
894,906,23.880529,37.989341
895,906,23.861786,37.873748
896,906,23.811362,38.072104
897,906,23.776591,38.04074
898,906,23.939629,38.038486
899,906,23.835933,38.059783
900,906,23.81681,38.087207
901,906,23.878832,37.989665
903,906,23.776874,38.100917
905,906,23.718239,37.958289
906,906,23.859429,38.001556
908,906,23.870714,37.991607
910,906,23.875708,37.999095
912,906,23.837223,38.065013
913,906,23.841047,38.130965
914,906,23.839634,38.131691
915,906,23.822523,38.019965
916,906,23.910498,37.868755
917,906,23.839252,38.052043
920,906,23.847889,38.022327
