863,907,23.819736,38.080257
864,907,23.818449,38.013019
865,907,23.880737,38.003471
866,907,23.874359,37.99266
867,907,23.805392,38.018485
870,907,23.87463,37.992534
870,907,23.87463,37.992534
872,907,23.812048,38.07603
874,907,23.811838,38.011463
876,907,23.84486,38.127063
878,907,23.839233,38.130813
879,907,23.991621,37.887511
882,907,23.8293,38.116923
883,907,23.802815,38.042266
884,907,23.889814,37.983935
885,907,23.857884,38.004657
887,907,23.881349,37.9901
888,907,23.840973,38.131134
889,907,23.839663,38.050506
891,907,23.82831,38.014113
892,907,23.8817,37.990443
893,907,23.792221,38.092792
894,907,23.860957,38.020495
895,907,23.863456,37.874648
896,907,23.811031,38.069125
897,907,23.77581,38.03992
898,907,23.859102,38.027763
899,907,23.830677,38.118663
900,907,23.825966,38.139106
901,907,23.881218,37.990028
903,907,23.764616,38.107047
905,907,23.881067,37.989806
906,907,23.798333,38.006488
908,907,23.908975,37.869491
910,907,23.875677,37.999057
912,907,23.75457,38.060241
913,907,23.858797,38.109988
914,907,23.816302,38.102691
915,907,23.764805,37.985522
916,907,23.909897,37.868785
917,907,23.820989,38.109721
920,907,23.886175,38.003841
