863,91,23.832346,38.120154
862,91,23.844101,38.010558
864,91,23.858467,38.007033
865,91,23.88141,37.990092
866,91,23.845228,38.017642
867,91,23.864143,37.999137
869,91,23.809378,38.064322
870,91,23.861803,38.000095
870,91,23.861803,38.000095
872,91,23.769714,38.092303
873,91,23.880884,38.00278
874,91,23.882139,37.990744
875,91,23.833784,38.025512
876,91,23.773588,38.100101
878,91,23.764503,38.106845
879,91,23.963646,38.151347
880,91,23.572803,38.047897
882,91,23.841097,38.130904
883,91,23.895805,37.979937
884,91,23.863624,37.999381
885,91,23.858073,38.002372
887,91,23.874162,37.952544
888,91,23.82588,38.114448
889,91,23.818733,38.085624
891,91,23.858229,38.006339
892,91,23.930193,37.865439
893,91,23.727738,38.027835
894,91,23.879614,37.989268
895,91,23.881212,37.990054
896,91,23.819608,38.080756
897,91,23.797783,38.097522
898,91,23.857607,38.007636
899,91,23.823502,38.112796
900,91,23.860277,38.01403
901,91,23.769689,38.032782
903,91,23.764408,38.106559
904,91,23.769916,38.107639
905,91,23.870312,37.991047
906,91,23.811193,38.011352
908,91,23.880408,37.989112
910,91,23.814066,38.012035
911,91,23.811285,38.07091
912,91,23.765917,38.071189
913,91,23.801737,38.07556
914,91,23.828943,38.11766
915,91,23.865722,38.006149
916,91,23.864487,37.947604
917,91,23.841107,38.131091
918,91,23.77003,38.107604
920,91,23.858255,38.008853
921,91,23.913574,37.867072
