863,911,23.817715,38.106387
864,911,23.817079,38.012699
865,911,23.880746,38.00355
866,911,23.880805,38.003494
867,911,23.791777,38.002677
870,911,23.876245,37.998569
870,911,23.876245,37.998569
872,911,23.837467,38.127315
874,911,23.848746,38.020511
876,911,23.849998,38.129783
879,911,23.758543,37.983604
882,911,23.770739,38.056159
883,911,23.881232,37.990032
884,911,23.870598,37.995796
885,911,23.858472,38.007186
887,911,23.874861,38.004272
888,911,23.890133,38.248283
889,911,23.839373,38.051288
891,911,23.825838,38.014057
892,911,23.88174,37.990482
893,911,23.761236,38.069042
894,911,23.865159,38.017928
895,911,23.872988,37.881312
896,911,23.840902,38.131171
897,911,23.771531,38.03493
898,911,23.859219,38.001647
899,911,23.836185,38.058844
900,911,23.836056,38.124374
901,911,23.881306,37.98997
903,911,23.780276,38.100719
905,911,23.881188,37.989886
906,911,23.802813,38.007777
908,911,23.942654,38.002688
910,911,23.874798,37.992473
912,911,23.76296,38.059749
913,911,23.854137,38.116347
914,911,23.81594,38.102561
915,911,23.768835,37.989185
916,911,23.909598,37.869213
917,911,23.835314,38.117343
920,911,23.829939,38.023433
