863,914,23.811954,38.103046
864,914,23.815691,38.012298
865,914,23.853102,38.0214
866,914,23.880804,38.003524
867,914,23.877686,37.990371
870,914,23.819218,38.013313
870,914,23.819218,38.013313
872,914,23.839437,38.131374
874,914,23.847056,38.02114
876,914,23.838119,38.126021
879,914,23.755773,37.981765
882,914,23.771669,38.057758
883,914,23.881201,37.990062
884,914,23.873878,37.992934
885,914,23.858553,38.007457
887,914,23.842853,38.044582
888,914,23.887314,38.244121
889,914,23.839472,38.052139
891,914,23.823534,38.01395
892,914,23.871605,37.992381
893,914,23.844494,38.140636
894,914,23.869558,38.01802
895,914,23.875959,37.883594
896,914,23.809261,38.06359
897,914,23.763849,38.036689
898,914,23.857939,38.002818
899,914,23.838476,38.129523
900,914,23.795492,38.091869
901,914,23.881658,37.990318
903,914,23.768809,38.108337
905,914,23.718168,37.958148
906,914,23.858278,38.006423
908,914,23.942654,38.002688
910,914,23.881376,37.990142
912,914,23.836785,38.06391
913,914,23.856518,38.126246
914,914,23.840965,38.126651
915,914,23.827244,38.017856
916,914,23.910438,37.868782
917,914,23.836563,38.115905
920,914,23.832098,38.024123
