863,916,23.821035,38.075839
864,916,23.814671,38.012126
865,916,23.852609,37.9994
866,916,23.88114,37.989902
867,916,23.839388,38.047008
870,916,23.829734,38.041687
870,916,23.829734,38.041687
872,916,23.815087,38.082412
874,916,23.81,38.011051
876,916,23.80916,38.040962
879,916,23.978111,37.887321
882,916,23.83885,38.130035
883,916,23.910867,37.868651
884,916,23.881084,37.989746
885,916,23.881268,37.990131
887,916,23.839853,38.046432
888,916,23.84102,38.131156
889,916,23.842613,38.054447
891,916,23.819603,38.013892
892,916,23.850269,37.997966
893,916,23.767847,38.0717
894,916,23.871659,38.014339
895,916,23.87627,37.883834
896,916,23.810062,38.056919
897,916,23.761169,38.038428
898,916,23.859492,38.024054
899,916,23.840095,38.131942
900,916,23.822574,38.066676
901,916,23.881151,37.989871
903,916,23.768639,38.108745
905,916,23.806951,38.009757
906,916,23.903644,37.963469
908,916,23.908426,37.869491
910,916,23.881581,37.990371
912,916,23.836883,38.064139
913,916,23.859067,38.131217
914,916,23.843805,38.127051
915,916,23.828533,38.016337
916,916,23.909388,37.868861
917,916,23.829401,38.118018
920,916,23.884026,38.003509
