863,917,23.805805,38.100627
864,917,23.813659,38.011824
865,917,23.851782,38.02161
866,917,23.880773,38.003685
867,917,23.793346,38.003879
870,917,23.875955,37.99961
870,917,23.875955,37.99961
872,917,23.840748,38.131404
874,917,23.848326,38.022991
876,917,23.840269,38.126662
879,917,23.754134,37.980014
882,917,23.772379,38.059078
883,917,23.809252,38.044231
884,917,23.87456,37.992446
885,917,23.857933,38.007728
887,917,23.87875,38.003845
888,917,23.884983,38.240913
889,917,23.840174,38.055625
891,917,23.818382,38.013523
892,917,23.871095,37.994552
893,917,23.803751,38.099544
894,917,23.871149,38.01118
895,917,23.87647,37.884024
896,917,23.811552,38.054808
897,917,23.76112,38.038448
898,917,23.858028,38.005527
899,917,23.839006,38.054107
900,917,23.809423,38.064712
901,917,23.881081,37.989791
903,917,23.790754,38.11011
905,917,23.717478,37.957686
906,917,23.858221,38.006423
908,917,23.880827,37.989524
910,917,23.881581,37.990371
912,917,23.775591,38.055022
913,917,23.825138,38.042216
914,917,23.818851,38.100795
915,917,23.776585,37.993526
916,917,23.91056,37.868697
917,917,23.837463,38.114944
920,917,23.833578,38.025203
