863,920,23.799925,38.098339
864,920,23.812938,38.011695
865,920,23.851099,37.998611
866,920,23.879673,38.003715
867,920,23.940443,37.995407
870,920,23.816728,38.012641
870,920,23.816728,38.012641
872,920,23.841018,38.130996
874,920,23.849396,38.024982
876,920,23.843128,38.127181
879,920,23.754134,37.980346
882,920,23.773218,38.060619
883,920,23.908819,37.869022
884,920,23.878509,37.989818
885,920,23.855703,38.008457
887,920,23.87982,38.003806
888,920,23.883873,38.237502
889,920,23.836615,38.058845
891,920,23.817003,38.012881
892,920,23.849589,37.997664
893,920,23.834705,38.045318
894,920,23.871759,38.005591
895,920,23.877142,37.884647
896,920,23.810004,38.051459
897,920,23.841059,38.131015
898,920,23.858509,38.007167
899,920,23.840166,38.131961
900,920,23.845467,38.139106
901,920,23.907137,37.868587
903,920,23.768589,38.108772
905,920,23.80223,38.007785
906,920,23.906644,37.964118
908,920,23.880267,37.989036
910,920,23.881131,37.989913
912,920,23.781552,38.051002
913,920,23.824778,38.042297
914,920,23.848676,38.129493
915,920,23.831253,38.014789
916,920,23.906927,37.868602
917,920,23.838434,38.113933
920,920,23.834438,38.026313
