863,925,23.820905,38.068828
864,925,23.811869,38.011516
865,925,23.849342,38.02201
866,925,23.879039,37.989513
867,925,23.8067,38.018805
870,925,23.8804,37.989063
870,925,23.8804,37.989063
872,925,23.816838,38.087142
874,925,23.807591,38.010039
876,925,23.809389,38.044543
879,925,23.895834,37.996928
882,925,23.840859,38.131335
883,925,23.976641,38.014316
884,925,23.88114,37.989879
885,925,23.845335,38.010379
887,925,24.01368,37.879641
888,925,23.867362,38.23648
889,925,23.835884,38.060767
891,925,23.813097,38.011947
892,925,23.870315,37.995734
893,925,23.779726,38.077262
894,925,23.867501,38.005378
895,925,23.825761,38.029758
896,925,23.802902,38.041728
897,925,23.84256,38.137275
898,925,23.860191,38.016185
899,925,23.839637,38.04959
900,925,23.84061,38.131705
901,925,23.880489,37.997058
903,925,23.795324,38.12495
905,925,23.716587,37.956821
906,925,23.858351,38.006823
908,925,23.865404,37.99855
910,925,23.873631,37.990992
912,925,23.777399,38.04135
913,925,23.790527,38.097529
914,925,23.816699,38.095042
915,925,23.783453,37.998275
916,925,23.90884,37.868915
917,925,23.836479,38.125301
920,925,23.836527,38.028464
