863,930,23.788783,38.043777
864,930,23.814879,38.010555
865,930,23.890877,38.00457
866,930,23.873432,38.004771
867,930,23.809559,38.019355
870,930,23.812819,38.0116
870,930,23.812819,38.0116
872,930,23.818087,38.088733
874,930,23.792826,38.003455
876,930,23.857649,38.129664
879,930,23.950434,37.88491
882,930,23.841017,38.131015
883,930,23.821932,38.0405
884,930,23.881348,37.990051
885,930,23.877978,37.990321
887,930,23.838864,38.051494
888,930,23.875794,38.222571
889,930,23.826603,38.066447
891,930,23.809235,38.010917
892,930,23.845978,37.996722
893,930,23.814581,38.105342
894,930,23.86799,37.997165
895,930,23.878632,37.886074
896,930,23.808865,38.040637
897,930,23.84519,38.139983
898,930,23.932159,38.038017
899,930,23.839298,38.046779
900,930,23.745168,38.084414
901,930,23.910948,37.868904
903,930,23.767305,38.106887
905,930,23.792381,38.003326
906,930,23.860208,38.007244
908,930,23.860603,38.00075
910,930,23.869989,37.996104
912,930,23.77343,38.036972
913,930,23.839157,38.126289
914,930,23.859266,38.131576
915,930,23.839964,38.015979
916,930,23.907767,37.868652
917,930,23.836193,38.058776
920,930,23.8452,38.022201
