863,931,23.823984,38.066688
864,931,23.815909,38.010906
865,931,23.832573,38.025359
866,931,23.881408,37.990005
867,931,23.941524,38.001785
870,931,23.766892,37.993518
870,931,23.766892,37.993518
872,931,23.768513,38.108802
874,931,23.80672,38.009628
876,931,23.807708,38.045264
879,931,23.90741,37.86861
882,931,23.778439,38.06652
883,931,23.961778,38.008082
884,931,23.881239,37.989959
885,931,23.835986,38.01279
887,931,24.014419,37.881011
888,931,23.876034,38.219161
889,931,23.730554,38.009807
891,931,23.8092,38.010898
892,931,23.865765,37.998317
893,931,23.835845,38.12408
894,931,23.870071,37.996005
895,931,23.879132,37.886512
896,931,23.808935,38.041327
897,931,23.76099,38.038528
898,931,23.85873,38.011943
899,931,23.840238,38.046767
900,931,23.855834,38.162146
901,931,23.882189,38.002349
903,931,23.801584,38.113666
905,931,23.716377,37.957271
906,931,23.814863,38.012008
908,931,23.873466,37.990734
910,931,23.867319,37.997542
912,931,23.77326,38.036742
913,931,23.795146,38.096957
914,931,23.818091,38.093746
915,931,23.789795,38.001853
916,931,23.90688,37.868613
917,931,23.839758,38.131874
920,931,23.841257,38.026394
