863,932,23.783806,38.082176
864,932,23.816599,38.011115
865,932,23.833281,38.015075
866,932,23.870922,38.00534
867,932,23.844728,38.043449
870,932,23.829165,38.043536
870,932,23.829165,38.043536
872,932,23.818897,38.089195
874,932,23.843915,38.028411
876,932,23.852457,38.130363
879,932,23.891685,37.999382
882,932,23.759249,38.065162
883,932,23.825012,38.042091
884,932,23.881269,37.989948
885,932,23.875517,37.991943
887,932,23.88009,37.99858
888,932,23.876703,38.217082
889,932,23.823562,38.066657
891,932,23.809049,38.010836
892,932,23.858685,37.982536
893,932,23.837246,38.045078
894,932,23.870392,37.995914
895,932,23.881333,37.990192
896,932,23.809496,38.041137
897,932,23.84473,38.141132
898,932,23.853939,38.008906
899,932,23.841499,38.046829
900,932,23.795492,38.091869
901,932,23.911458,37.868435
903,932,23.767296,38.106857
905,932,23.881985,37.990581
906,932,23.905755,37.968471
908,932,23.942255,38.002551
910,932,23.86413,37.999213
912,932,23.772369,38.035724
913,932,23.837248,38.126639
914,932,23.858177,38.130275
915,932,23.841743,38.017409
916,932,23.908876,37.86893
917,932,23.841265,38.110373
920,932,23.880805,38.002246
