863,934,23.826513,38.066177
864,934,23.816659,38.011443
865,934,23.848383,38.022017
866,934,23.866541,38.006141
867,934,23.785013,38.009448
870,934,23.811998,38.011459
870,934,23.811998,38.011459
872,934,23.819826,38.090175
874,934,23.80648,38.009517
876,934,23.807699,38.045276
879,934,23.908288,37.868751
882,934,23.781149,38.06808
883,934,23.827962,38.043551
884,934,23.811159,38.056548
885,934,23.881485,37.990326
887,934,24.014269,37.881152
888,934,23.84026,38.131865
889,934,23.821052,38.068897
891,934,23.808008,38.010314
892,934,23.862055,37.999896
893,934,23.818331,38.107142
894,934,23.874563,37.992542
895,934,23.881193,37.990131
896,934,23.840882,38.131233
897,934,23.848391,38.145141
898,934,23.85874,38.011943
899,934,23.84458,38.046718
900,934,23.826324,38.066455
901,934,23.78488,38.009315
903,934,23.806043,38.105704
905,934,23.716127,37.957153
906,934,23.86081,38.008525
908,934,23.908347,37.869491
910,934,23.857929,38.002586
912,934,23.771648,38.034862
913,934,23.838858,38.1301
914,934,23.856848,38.129584
915,934,23.843593,38.017101
916,934,23.909566,37.868781
917,934,23.840717,38.131313
920,934,23.880515,38.000525
