863,936,23.788813,38.046008
864,936,23.816189,38.011992
865,936,23.831722,38.025928
866,936,23.865141,38.006363
867,936,23.941664,38.002154
870,936,23.828295,38.043456
870,936,23.828295,38.043456
872,936,23.821617,38.091827
874,936,23.795126,38.005175
876,936,23.856458,38.123946
879,936,23.941575,37.882442
882,936,23.840607,38.131625
883,936,23.829162,38.04359
884,936,23.881279,37.989986
885,936,23.829615,38.013999
887,936,23.838173,38.051521
888,936,23.84022,38.131946
889,936,23.821194,38.075766
891,936,23.807518,38.010105
892,936,23.844868,37.997066
893,936,23.839906,38.047057
894,936,23.874844,37.992114
895,936,23.881184,37.990211
896,936,23.840532,38.131835
897,936,23.849651,38.142734
898,936,23.932539,38.037154
899,936,23.84491,38.046878
900,936,23.761818,38.041323
901,936,23.884819,38.001948
903,936,23.808914,38.106955
905,936,23.788611,38.001575
906,936,23.905266,37.971831
908,936,23.857914,38.003051
910,936,23.8585,38.007289
912,936,23.770369,38.035213
913,936,23.840608,38.13156
914,936,23.854858,38.129394
915,936,23.844043,38.015952
916,936,23.910236,37.868693
917,936,23.836332,38.060508
920,936,23.845147,38.0255
