863,937,23.825643,38.063628
864,937,23.816198,38.011973
865,937,23.83275,38.014964
866,937,23.881357,37.990062
867,937,23.847969,38.04164
870,937,23.875595,38.002757
870,937,23.875595,38.002757
872,937,23.823637,38.095366
874,937,23.80645,38.009468
876,937,23.807299,38.045474
879,937,23.909458,37.868781
882,937,23.783258,38.069919
883,937,23.94516,38.003367
884,937,23.808719,38.059337
885,937,23.881725,37.990547
887,937,24.014269,37.881152
888,937,23.877163,38.21614
889,937,23.820524,38.078136
891,937,23.807348,38.010036
892,937,23.858785,38.001925
893,937,23.789706,38.089584
894,937,23.875093,37.992053
895,937,23.881281,37.88898
896,937,23.840113,38.132594
897,937,23.84897,38.142031
898,937,23.848509,38.009868
899,937,23.840965,38.13116
900,937,23.817137,38.105888
901,937,23.78488,38.009315
903,937,23.809503,38.106456
905,937,23.881886,37.990532
906,937,23.858461,38.007182
908,937,23.907397,37.869083
910,937,23.85768,38.007751
912,937,23.767047,38.035434
913,937,23.805128,38.100509
914,937,23.854548,38.129382
915,937,23.793557,38.003982
916,937,23.909697,37.869224
917,937,23.840748,38.130862
920,937,23.880497,37.997164
