863,940,23.824953,38.061557
864,940,23.821857,38.013522
865,940,23.898018,38.003459
866,940,23.860801,38.008132
867,940,23.817959,38.021156
870,940,23.811299,38.011318
870,940,23.811299,38.011318
872,940,23.827867,38.101714
874,940,23.80575,38.009146
876,940,23.807807,38.046585
879,940,23.910099,37.868609
882,940,23.768482,38.108779
883,940,23.829662,38.0419
884,940,23.809129,38.062117
885,940,23.881765,37.990547
887,940,23.881839,37.990508
888,940,23.84081,38.132094
889,940,23.818773,38.083953
891,940,23.80527,38.009063
892,940,23.857906,38.003585
893,940,23.839687,38.049358
894,940,23.880323,37.989066
895,940,23.883039,37.892417
896,940,23.845413,38.139174
897,940,23.84909,38.141334
898,940,23.844679,38.010448
899,940,23.840986,38.130809
900,940,23.814281,38.079829
901,940,23.910397,37.866748
903,940,23.814804,38.105586
905,940,23.782702,38.003173
906,940,23.903005,37.975173
908,940,23.857954,38.00531
910,940,23.881258,37.990047
912,940,23.761168,38.038486
913,940,23.808627,38.101947
914,940,23.854477,38.129313
915,940,23.844595,38.014571
916,940,23.909696,37.869304
917,940,23.840899,38.130851
920,940,23.881536,37.993243
