863,942,23.787392,38.046576
864,942,23.830828,38.013652
865,942,23.832571,38.014564
866,942,23.861152,38.010402
867,942,23.85104,38.039092
870,942,23.825575,38.042174
870,942,23.825575,38.042174
872,942,23.826157,38.103305
874,942,23.837496,38.029563
876,942,23.858249,38.120666
879,942,23.937214,37.883342
882,942,23.755928,38.059112
883,942,23.830023,38.040618
884,942,23.809151,38.063399
885,942,23.827496,38.01401
887,942,23.834553,38.051181
888,942,23.840571,38.132144
889,942,23.818443,38.087234
891,942,23.805123,38.009006
892,942,23.845167,37.996734
893,942,23.825602,38.114143
895,942,23.88383,37.892356
896,942,23.845432,38.139255
897,942,23.849091,38.141421
898,942,23.857618,38.011295
899,942,23.761351,38.040267
900,942,23.758045,38.046031
901,942,23.88087,37.989539
903,942,23.818094,38.107055
905,942,23.77997,38.001445
906,942,23.86038,38.012607
908,942,23.871065,37.991977
910,942,23.880428,37.989188
912,942,23.761018,38.038528
913,942,23.840849,38.131252
914,942,23.81972,38.093467
915,942,23.844614,38.01361
916,942,23.910277,37.868812
917,942,23.846355,38.113315
920,942,23.847708,38.024223
