863,943,23.822193,38.059516
864,943,23.835866,38.012622
865,943,23.844517,37.99726
866,943,23.860842,38.012344
867,943,23.811267,38.011188
870,943,23.875955,38.003756
870,943,23.875955,38.003756
872,943,23.840948,38.131168
874,943,23.801796,38.007438
876,943,23.808937,38.049563
879,943,23.90985,37.868728
882,943,23.838756,38.130046
883,943,23.932551,37.998878
884,943,23.809566,38.040374
885,943,23.881298,37.990165
887,943,24.013729,37.881473
888,943,23.872762,38.21049
889,943,23.818434,38.087333
891,943,23.804522,38.008754
892,943,23.858227,38.006107
893,943,23.840887,38.131221
895,943,23.825444,38.030059
896,943,23.845442,38.139705
897,943,23.849201,38.14154
898,943,23.84055,38.010909
899,943,23.840876,38.130896
900,943,23.841406,38.136215
901,943,23.911328,37.866748
903,943,23.767866,38.10783
905,943,23.77717,38.001365
906,943,23.820024,38.013362
908,943,23.942075,38.002513
910,943,23.856188,38.010223
912,943,23.846596,38.142745
913,943,23.812729,38.104068
914,943,23.81922,38.094115
915,943,23.797317,38.00616
916,943,23.910306,37.86885
917,943,23.831203,38.0629
920,943,23.882027,37.990615
