863,949,23.818512,38.056525
864,949,23.861517,38.007071
865,949,23.845302,38.022468
866,949,23.860041,38.014384
867,949,23.823889,38.022265
870,949,23.875696,38.003997
870,949,23.875696,38.003997
872,949,23.840739,38.131458
874,949,23.88125,37.990093
876,949,23.810959,38.052783
879,949,23.90954,37.86922
882,949,23.793809,38.075099
883,949,23.88121,37.98994
884,949,23.812607,38.039401
885,949,23.881239,37.990032
887,949,24.010119,37.884155
888,949,23.861454,38.205478
889,949,23.820112,38.090625
891,949,23.80207,38.007724
892,949,23.855146,38.008521
893,949,23.794455,38.095466
895,949,23.916069,37.885673
896,949,23.809076,38.041247
897,949,23.848174,38.145206
898,949,23.833661,38.013278
899,949,23.844939,38.046798
900,949,23.795502,38.091857
901,949,23.881166,37.98989
903,949,23.767986,38.108691
905,949,23.809078,38.040626
906,949,23.860392,38.007224
908,949,23.870245,37.995418
910,949,23.852367,38.01675
912,949,23.840145,38.132777
913,949,23.828539,38.117088
914,949,23.816662,38.101497
915,949,23.803867,38.00819
916,949,23.907449,37.868663
917,949,23.826712,38.06586
920,949,23.881367,37.990134
