863,95,23.829925,38.118774
862,95,23.843941,38.010608
864,95,23.858576,38.007362
865,95,23.881179,37.990096
866,95,23.835933,38.012763
867,95,23.867594,37.997306
869,95,23.811607,38.05522
870,95,23.876005,37.991592
870,95,23.876005,37.991592
872,95,23.845436,38.13927
873,95,23.880683,37.996761
874,95,23.88031,38.000137
875,95,23.837155,38.028155
876,95,23.779219,38.100215
878,95,23.837487,38.127387
879,95,23.966047,38.144435
880,95,23.572954,38.048148
882,95,23.740057,38.102363
883,95,23.906065,37.966986
884,95,23.880224,37.989009
885,95,23.857862,38.003512
887,95,23.865273,37.951724
888,95,23.823399,38.111926
889,95,23.874218,38.213562
891,95,23.858439,38.007018
892,95,23.931275,37.873416
893,95,23.772429,38.073542
894,95,23.85927,38.02914
895,95,23.881202,37.989936
896,95,23.868223,38.105338
897,95,23.791233,38.091983
898,95,23.881376,37.990134
899,95,23.814771,38.104453
900,95,23.820927,38.073604
901,95,23.777491,38.030967
903,95,23.760439,38.105396
904,95,23.770425,38.108557
905,95,23.859704,38.023559
906,95,23.797754,38.006443
908,95,23.816269,38.015261
910,95,23.809407,38.010905
911,95,23.812885,38.077323
912,95,23.758997,38.068671
913,95,23.875251,38.224482
914,95,23.823324,38.113639
915,95,23.856922,38.008041
916,95,23.881829,37.990554
917,95,23.840785,38.131492
918,95,23.77029,38.108787
920,95,23.858385,38.009323
921,95,23.911031,37.867282
