863,951,23.819372,38.055007
864,951,23.868776,38.005672
865,951,23.828823,38.027728
866,951,23.86042,38.018233
867,951,23.85685,38.033042
870,951,23.88154,37.990321
870,951,23.88154,37.990321
872,951,23.840127,38.131865
874,951,23.809086,38.010597
876,951,23.85063,38.114253
879,951,23.939623,37.886852
882,951,23.833856,38.121707
883,951,23.91614,37.999237
884,951,23.816427,38.038001
885,951,23.880298,37.9891
887,951,24.006667,37.885234
888,951,23.857404,38.203009
889,951,23.823422,38.094814
891,951,23.800581,38.007305
892,951,23.851295,38.009292
893,951,23.840995,38.131011
895,951,23.92228,37.885062
896,951,23.809317,38.044788
897,951,23.844473,38.140612
898,951,23.857668,38.009296
899,951,23.757111,38.046711
900,951,23.825815,38.063987
901,951,23.874722,37.992328
903,951,23.768346,38.108802
905,951,23.809078,38.040626
906,951,23.828326,38.013793
908,951,23.870304,37.995777
910,951,23.852367,38.016761
912,951,23.840796,38.131446
913,951,23.83349,38.121379
914,951,23.819021,38.107089
915,951,23.807638,38.00991
916,951,23.90781,37.868674
917,951,23.855115,38.11132
920,951,23.847176,38.021449
