863,954,23.756231,38.060001
864,954,23.873697,38.004699
865,954,23.845103,38.022498
866,954,23.859659,38.023555
867,954,23.959392,38.007525
870,954,23.821396,38.040244
870,954,23.821396,38.040244
872,954,23.768463,38.108592
874,954,23.813526,38.011726
876,954,23.85187,38.113822
879,954,23.942062,37.887553
882,954,23.751308,38.052333
883,954,23.832302,38.041514
884,954,23.816705,38.037784
885,954,23.819343,38.013419
887,954,23.824062,38.05355
888,954,23.8411,38.130996
889,954,23.823981,38.098602
891,954,23.79911,38.007003
892,954,23.852282,37.980392
893,954,23.832283,38.120227
895,954,23.784818,38.009231
896,954,23.807825,38.045417
897,954,23.845401,38.139381
898,954,23.857888,38.009178
899,954,23.752081,38.04895
900,954,23.851927,38.13953
901,954,23.784839,38.009223
903,954,23.833584,38.121486
905,954,23.766461,37.992614
906,954,23.86044,38.019786
908,954,23.858444,38.006942
910,954,23.869929,37.990875
912,954,23.837183,38.065047
913,954,23.786385,38.084972
914,954,23.831852,38.119563
915,954,23.855253,38.007301
916,954,23.908991,37.868934
917,954,23.858786,38.10987
920,954,23.84555,38.022403
