863,958,23.768902,38.058013
864,958,23.877899,38.003833
865,958,23.909368,38.002597
866,958,23.852089,38.025657
867,958,23.964443,38.008068
870,958,23.804978,38.008769
870,958,23.804978,38.008769
872,958,23.836989,38.126098
874,958,23.804182,38.00848
876,958,23.853559,38.112514
879,958,23.943672,37.890471
882,958,23.750239,38.051333
883,958,23.90341,38.002776
884,958,23.819896,38.035503
885,958,23.813494,38.01189
887,958,23.820202,38.052444
888,958,23.854466,38.18912
889,958,23.817579,38.105396
891,958,23.79606,38.006022
892,958,23.8502,37.979705
893,958,23.836143,38.124698
895,958,23.825163,38.030318
896,958,23.809986,38.051189
897,958,23.840862,38.131373
898,958,23.826999,38.014019
899,958,23.751671,38.050548
900,958,23.758045,38.046019
901,958,23.784609,38.009235
903,958,23.767829,38.108852
905,958,23.76416,37.989227
906,958,23.86035,38.020377
908,958,23.858573,38.007324
910,958,23.850996,38.019759
912,958,23.840812,38.066017
913,958,23.787393,38.087142
914,958,23.840931,38.131327
915,958,23.856354,38.00471
916,958,23.909481,37.869223
917,958,23.821211,38.06665
920,958,23.851146,38.019351
