863,96,23.842634,38.137351
862,96,23.807892,38.047901
864,96,23.855717,38.008331
865,96,23.881737,37.990463
866,96,23.880625,38.001968
867,96,23.842605,37.994785
869,96,23.810728,38.053451
870,96,23.879775,37.989173
870,96,23.879775,37.989173
872,96,23.765915,38.0918
873,96,23.86954,37.996295
874,96,23.880739,38.002986
875,96,23.755217,38.046623
876,96,23.779438,38.100375
878,96,23.84058,38.131694
879,96,23.965527,38.143073
880,96,23.687436,38.071048
882,96,23.832348,38.120159
883,96,23.906574,37.965068
884,96,23.881165,37.989959
885,96,23.955092,38.006194
887,96,23.861005,38.009291
888,96,23.82009,38.108695
889,96,23.824525,38.098311
891,96,23.881109,37.990047
892,96,23.929644,37.869911
893,96,23.728077,38.028865
894,96,23.877094,37.990867
895,96,23.864635,37.977317
896,96,23.840818,38.13127
897,96,23.789472,38.091384
898,96,23.855485,38.007377
899,96,23.814352,38.104213
900,96,23.856065,38.137019
901,96,23.80674,38.018859
903,96,23.759479,38.105266
904,96,23.770305,38.109119
905,96,23.856468,38.008143
906,96,23.795584,38.005622
908,96,23.882672,37.986217
910,96,23.900426,37.960754
911,96,23.813857,38.078742
912,96,23.8571,38.123157
913,96,23.829292,38.116538
914,96,23.791336,38.092192
915,96,23.854551,38.008781
916,96,23.880057,37.934604
917,96,23.823156,38.111686
918,96,23.770361,38.109397
920,96,23.861719,38.007064
921,96,23.911621,37.867953
