863,964,23.77947,38.052635
864,964,23.8811,37.994777
865,964,23.91273,38.000377
866,964,23.85075,38.026088
867,964,23.828589,38.013816
870,964,23.804468,38.008548
870,964,23.804468,38.008548
872,964,23.840629,38.131415
874,964,23.818956,38.013145
876,964,23.732471,38.076617
879,964,23.927721,37.888797
882,964,23.766851,38.1099
883,964,23.894619,38.004074
884,964,23.880876,37.989585
885,964,23.807335,38.009921
887,964,23.813081,38.053634
888,964,23.856215,38.169471
889,964,23.835499,38.123465
891,964,23.793871,38.004512
892,964,23.881881,37.990612
893,964,23.846703,38.143573
895,964,23.924949,37.884387
896,964,23.810386,38.056877
897,964,23.760401,38.042888
898,964,23.825779,38.013949
899,964,23.75246,38.054054
900,964,23.854975,38.1721
901,964,23.875727,37.991801
903,964,23.76794,38.108562
905,964,23.762119,37.987277
906,964,23.880615,37.988757
908,964,23.857905,38.003192
910,964,23.846845,38.02111
912,964,23.83207,38.070464
913,964,23.792185,38.093284
914,964,23.859237,38.131721
915,964,23.863924,37.99924
916,964,23.909853,37.868778
917,964,23.820982,38.069831
920,964,23.8801,37.989051
