863,968,23.817745,38.040583
864,968,23.88126,37.990416
865,968,23.844665,37.996963
866,968,23.84575,38.028225
867,968,23.833208,38.013217
870,968,23.871447,38.00521
870,968,23.871447,38.00521
872,968,23.828386,38.116878
874,968,23.802582,38.00785
876,968,23.732632,38.077648
879,968,23.923921,37.886829
882,968,23.766331,38.110129
883,968,23.874649,37.99232
884,968,23.872776,37.994808
885,968,23.881875,37.990607
887,968,23.979248,37.893611
888,968,23.854944,38.152285
889,968,23.839046,38.130538
891,968,23.79186,38.002921
892,968,23.847921,37.979686
893,968,23.848513,38.144954
895,968,23.926229,37.878456
896,968,23.810016,38.066402
897,968,23.759069,38.04489
898,968,23.928028,38.033786
899,968,23.755239,38.058101
900,968,23.808794,38.060539
901,968,23.919658,37.869709
903,968,23.840774,38.131335
905,968,23.880211,37.989028
906,968,23.880766,37.989448
908,968,23.858353,38.006713
910,968,23.841654,38.021438
912,968,23.82835,38.074233
913,968,23.804064,38.099998
914,968,23.845808,38.127849
915,968,23.830887,38.013992
916,968,23.906904,37.868618
917,968,23.750137,38.049327
920,968,23.87895,37.989692
