863,971,23.819395,38.040412
864,971,23.881752,37.99134
865,971,23.845461,38.022242
866,971,23.838451,38.029167
867,971,23.85953,38.024295
870,971,23.760521,37.985401
870,971,23.760521,37.985401
872,971,23.825546,38.114208
874,971,23.802452,38.0078
876,971,23.809858,38.065562
879,971,23.881374,37.990051
882,971,23.826275,38.111389
883,971,23.872919,37.99007
884,971,23.866236,37.998077
885,971,23.802596,38.008384
887,971,23.811592,38.053996
888,971,23.840911,38.131308
889,971,23.839865,38.131229
891,971,23.79071,38.002349
892,971,23.829497,38.0139
893,971,23.840663,38.131446
895,971,23.783178,38.00975
896,971,23.811117,38.07064
897,971,23.757999,38.046233
898,971,23.927368,38.033675
899,971,23.849165,38.144355
900,971,23.839292,38.130805
901,971,23.874006,37.991412
903,971,23.768374,38.108753
905,971,23.761419,37.987235
906,971,23.847776,38.009887
908,971,23.848371,38.009918
910,971,23.857987,38.005515
912,971,23.83069,38.077953
913,971,23.841038,38.1309
914,971,23.837168,38.126449
915,971,23.874654,37.992473
916,971,23.907627,37.868602
917,971,23.749387,38.050067
920,971,23.826173,38.057388
