863,974,23.819535,38.043532
864,974,23.882393,37.989818
865,974,23.912411,38.001228
866,974,23.836162,38.028228
867,974,23.978012,38.016722
870,974,23.796104,38.011543
870,974,23.796104,38.011543
872,974,23.823687,38.113536
874,974,23.801793,38.007529
876,974,23.864069,38.106841
879,974,23.909491,37.897307
882,974,23.751466,38.049281
883,974,23.870378,37.990321
884,974,23.857956,38.004936
885,974,23.802265,38.010615
887,974,23.965859,37.894862
888,974,23.844505,38.140998
889,974,23.786068,38.084376
891,974,23.78829,38.001571
892,974,23.881345,37.990165
893,974,23.818464,38.107318
895,974,23.825003,38.030517
896,974,23.812286,38.074527
897,974,23.750078,38.049434
898,974,23.857439,38.008037
899,974,23.850205,38.143104
900,974,23.759426,38.044169
901,974,23.870239,37.995639
903,974,23.767853,38.108783
905,974,23.875132,37.992126
906,974,23.85915,38.030471
908,974,23.846213,38.010257
910,974,23.837803,38.023067
912,974,23.832809,38.082527
913,974,23.841038,38.1309
914,974,23.840957,38.131252
915,974,23.838778,38.015853
916,974,23.910357,37.868633
917,974,23.749357,38.050079
920,974,23.857666,38.009147
