863,976,23.777529,38.041393
864,976,23.879624,37.989337
865,976,23.912411,38.001178
866,976,23.832903,38.024856
867,976,23.841468,38.010757
870,976,23.760481,37.985401
870,976,23.760481,37.985401
872,976,23.823046,38.111537
874,976,23.800362,38.00714
876,976,23.730102,38.079978
879,976,23.900539,37.901435
882,976,23.766119,38.111099
883,976,23.886818,38.002528
884,976,23.859165,38.007358
885,976,23.870418,37.996108
887,976,23.961878,37.895522
888,976,23.840853,38.131358
889,976,23.787508,38.086425
891,976,23.78723,38.001109
892,976,23.881195,37.989994
893,976,23.849293,38.144207
895,976,23.787039,38.01274
896,976,23.841042,38.131042
897,976,23.749429,38.050071
898,976,23.926148,38.033446
899,976,23.756809,38.06137
900,976,23.835825,38.124812
901,976,23.872587,37.989734
903,976,23.76856,38.108901
905,976,23.874872,37.992305
906,976,23.881275,37.990107
908,976,23.858602,38.007354
910,976,23.838522,38.024688
912,976,23.83131,38.084346
913,976,23.814274,38.105266
914,976,23.840898,38.130893
915,976,23.841497,38.017043
916,976,23.907503,37.868595
917,976,23.820062,38.07944
920,976,23.852859,38.021289
