863,979,23.777039,38.041011
864,979,23.872423,37.995185
865,979,23.83324,38.01392
866,979,23.830694,38.026359
867,979,23.86014,38.021178
870,979,23.795544,38.011104
870,979,23.795544,38.011104
872,979,23.763743,38.105887
874,979,23.837486,38.012023
876,979,23.81124,38.069903
879,979,23.894398,37.907966
882,979,23.826435,38.108558
883,979,23.886389,38.002356
884,979,23.861016,38.009746
885,979,23.870409,37.996108
887,979,23.808803,38.059444
888,979,23.840723,38.131518
889,979,23.790798,38.090938
891,979,23.784629,37.999488
892,979,23.827236,38.0139
893,979,23.840803,38.131267
895,979,23.789759,38.014702
896,979,23.813566,38.078536
897,979,23.74559,38.049132
898,979,23.925537,38.033348
899,979,23.850165,38.143066
900,979,23.824446,38.113883
901,979,23.870468,37.990245
903,979,23.768803,38.109195
905,979,23.810077,38.040126
906,979,23.854496,38.008647
908,979,23.908415,37.868842
910,979,23.858536,38.007476
912,979,23.828072,38.088836
913,979,23.81939,38.040374
914,979,23.84067,38.131557
915,979,23.881273,37.989948
916,979,23.909777,37.869381
917,979,23.749116,38.050257
920,979,23.855019,38.020968
