863,984,23.814901,38.04478
864,984,23.857153,38.002796
865,984,23.850317,37.997982
866,984,23.881588,37.99034
867,984,23.85055,38.009407
870,984,23.794874,38.010844
870,984,23.794874,38.010844
872,984,23.837047,38.042632
874,984,23.88027,37.989001
876,984,23.730152,38.084899
879,984,23.909969,37.868698
882,984,23.764907,38.111217
883,984,23.856859,38.033752
884,984,23.820615,38.034931
885,984,23.866409,37.998069
887,984,23.946318,37.891971
888,984,23.844074,38.138244
889,984,23.811289,38.102573
891,984,23.77743,37.994349
892,984,23.823875,38.013751
893,984,23.825054,38.114009
895,984,23.793959,38.016601
896,984,23.815857,38.083415
897,984,23.743568,38.050571
898,984,23.818696,38.013183
899,984,23.788956,38.097717
900,984,23.808575,38.060489
901,984,23.868948,37.990325
903,984,23.767843,38.113608
905,984,23.870122,37.990775
906,984,23.881155,37.990077
908,984,23.860322,38.007137
910,984,23.843031,38.026866
912,984,23.827953,38.097648
913,984,23.826412,38.114909
914,984,23.845469,38.139297
915,984,23.881393,37.990134
916,984,23.910162,37.868609
917,984,23.818625,38.086689
920,984,23.870459,37.991206
