863,985,23.776039,38.040111
864,985,23.857163,38.002807
865,985,23.852337,37.999431
866,985,23.882079,37.991062
867,985,23.827011,38.022876
870,985,23.881317,37.990032
870,985,23.881317,37.990032
872,985,23.802845,38.099445
874,985,23.845387,38.010322
876,985,23.852397,38.113456
879,985,23.885268,37.922705
882,985,23.801672,38.088981
883,985,23.885278,38.002277
884,985,23.857805,38.013701
885,985,23.875906,37.996658
887,985,23.808394,38.060413
888,985,23.840263,38.132858
889,985,23.815109,38.103904
891,985,23.77454,37.992439
892,985,23.880106,37.989093
893,985,23.841065,38.131042
895,985,23.9217,37.873027
896,985,23.816008,38.083747
897,985,23.745539,38.054191
898,985,23.925276,38.033805
899,985,23.757248,38.06259
900,985,23.796257,38.096938
901,985,23.79187,38.015647
903,985,23.767902,38.113318
905,985,23.881626,37.990294
906,985,23.860046,38.021961
908,985,23.925655,37.997814
910,985,23.856286,38.008247
912,985,23.825163,38.098697
913,985,23.811199,38.044444
914,985,23.845478,38.139308
915,985,23.845337,38.018989
916,985,23.909952,37.86872
917,985,23.745236,38.04917
920,985,23.860389,38.01992
