863,988,23.774079,38.037822
864,988,23.858255,38.000365
865,988,23.857296,37.997573
866,988,23.830244,38.026618
867,988,23.82715,38.022895
870,988,23.812996,38.043735
870,988,23.812996,38.043735
872,988,23.796745,38.097106
874,988,23.850406,38.009463
876,988,23.730642,38.087519
879,988,23.90963,37.868755
882,988,23.764257,38.111228
883,988,23.884359,38.002024
884,988,23.854536,38.017162
885,988,23.859628,38.001479
887,988,23.933798,37.88948
888,988,23.840513,38.131873
889,988,23.820089,38.108905
891,988,23.76907,37.98928
892,988,23.819456,38.013309
893,988,23.836201,38.060012
895,988,23.795408,38.017642
896,988,23.844822,38.14144
897,988,23.755829,38.066932
898,988,23.855759,38.005706
899,988,23.791786,38.096737
900,988,23.812462,38.074008
901,988,23.922707,37.874488
903,988,23.767831,38.112235
905,988,23.881355,37.990073
906,988,23.881316,37.990237
908,988,23.860733,38.008117
910,988,23.853254,38.009078
912,988,23.825313,38.099399
913,988,23.831223,38.118881
914,988,23.848146,38.14511
915,988,23.846207,38.017951
916,988,23.906984,37.868686
917,988,23.743065,38.04964
920,988,23.862299,38.019111
