863,990,23.814821,38.044699
864,990,23.856226,38.001487
865,990,23.858085,38.000732
866,990,23.880748,37.995902
867,990,23.85985,38.011855
870,990,23.792904,38.011546
870,990,23.792904,38.011546
872,990,23.792576,38.093616
874,990,23.876362,37.991382
876,990,23.874408,38.103133
879,990,23.90894,37.868927
882,990,23.757286,38.046802
883,990,23.85907,38.029933
884,990,23.855076,38.02048
885,990,23.857948,38.002578
887,990,23.929198,37.889388
888,990,23.840602,38.131633
889,990,23.82481,38.114074
891,990,23.765649,37.986999
892,990,23.816776,38.012588
893,990,23.83632,38.060462
895,990,23.795957,38.017822
896,990,23.845371,38.139601
897,990,23.766859,38.071414
898,990,23.856307,38.004577
899,990,23.793306,38.096687
900,990,23.84107,38.130878
901,990,23.862058,37.999919
903,990,23.767513,38.110385
905,990,23.870243,37.990973
906,990,23.857121,38.033424
908,990,23.836983,38.012481
910,990,23.849584,38.00975
912,990,23.825814,38.102809
913,990,23.833803,38.1216
914,990,23.854317,38.151409
915,990,23.849916,38.017581
916,990,23.909748,37.869029
917,990,23.818535,38.086879
920,990,23.870258,37.995654
