863,992,23.817033,38.053058
864,992,23.853956,38.001456
865,992,23.861024,38.000343
866,992,23.821699,38.033271
867,992,23.982073,38.021152
870,992,23.759392,37.984542
870,992,23.759392,37.984542
872,992,23.84086,38.130851
874,992,23.854677,38.008624
876,992,23.733014,38.089221
879,992,23.907869,37.868686
882,992,23.763547,38.111369
883,992,23.86003,38.001171
884,992,23.855486,38.024539
885,992,23.857868,38.004348
887,992,23.926076,37.88684
888,992,23.840782,38.131301
889,992,23.82971,38.118415
891,992,23.76306,37.986038
892,992,23.816406,38.012458
893,992,23.834502,38.061221
895,992,23.798197,38.017242
896,992,23.845371,38.139601
897,992,23.781038,38.078456
898,992,23.856727,38.003017
899,992,23.849884,38.142917
900,992,23.831116,38.119422
901,992,23.865488,37.987204
903,992,23.768204,38.108814
905,992,23.817159,38.037204
906,992,23.881435,37.990417
908,992,23.860943,38.009227
910,992,23.846264,38.010318
912,992,23.825873,38.107669
913,992,23.839414,38.131362
914,992,23.855896,38.158859
915,992,23.852307,38.016761
916,992,23.910467,37.868831
917,992,23.891115,38.100936
920,992,23.865816,38.006187
