863,993,23.771778,38.03519
864,993,23.854406,38.001296
865,993,23.864575,37.998912
866,993,23.880119,37.999141
867,993,23.85771,38.011905
870,993,23.860696,38.007518
870,993,23.860696,38.007518
872,993,23.791525,38.092265
874,993,23.797291,38.006293
876,993,23.857507,38.110686
879,993,23.884787,37.934795
882,993,23.804422,38.092963
883,993,23.85936,38.026275
884,993,23.854135,38.02491
885,993,23.870395,37.996066
887,993,23.88176,37.990443
888,993,23.845453,38.139198
889,993,23.831011,38.118934
891,993,23.761049,37.985099
892,993,23.872667,37.989753
893,993,23.830331,38.11872
895,993,23.9294,37.87688
896,993,23.816457,38.085086
897,993,23.785108,38.083648
898,993,23.812668,38.011756
899,993,23.794607,38.097156
900,993,23.759716,38.059898
901,993,23.794441,38.016715
903,993,23.768514,38.108794
905,993,23.8197,38.035182
906,993,23.859636,38.023643
908,993,23.916895,37.999125
910,993,23.837362,38.029647
912,993,23.825841,38.109428
913,993,23.840595,38.131473
914,993,23.856497,38.162028
915,993,23.881934,37.990546
916,993,23.909395,37.869686
917,993,23.818516,38.086948
920,993,23.850519,38.020793
