863,995,23.771029,38.034991
864,995,23.854156,38.001414
865,995,23.870054,37.995952
866,995,23.821659,38.033153
867,995,23.827569,38.022964
870,995,23.757702,37.983253
870,995,23.757702,37.983253
872,995,23.840851,38.13084
874,995,23.823008,38.032794
876,995,23.812538,38.076633
879,995,23.887947,37.933086
882,995,23.831184,38.104525
883,995,23.85793,38.00214
884,995,23.852306,38.025558
885,995,23.802295,38.012027
887,995,23.924149,37.886661
888,995,23.844593,38.140387
889,995,23.835371,38.123362
891,995,23.759029,37.983817
892,995,23.870268,37.990344
893,995,23.833372,38.12112
895,995,23.93096,37.874259
896,995,23.8409,38.130801
897,995,23.790998,38.091327
898,995,23.809227,38.010856
899,995,23.849505,38.142719
900,995,23.823394,38.111903
901,995,23.864699,37.986095
903,995,23.768604,38.108875
905,995,23.821209,38.033733
906,995,23.856316,38.003208
908,995,23.911537,37.868373
910,995,23.836532,38.028716
912,995,23.827621,38.113277
913,995,23.840635,38.131369
914,995,23.856337,38.169216
915,995,23.855396,38.00996
916,995,23.909436,37.869697
917,995,23.891785,38.101096
920,995,23.865679,38.016292
