863,999,23.762633,38.041415
865,999,23.879243,37.989428
866,999,23.88068,38.002868
867,999,23.827739,38.023002
870,999,23.755522,37.981631
870,999,23.755522,37.981631
872,999,23.752104,38.094532
874,999,23.855148,38.006152
876,999,23.813987,38.078891
879,999,23.891996,37.938598
882,999,23.831184,38.104396
883,999,23.86001,38.021614
884,999,23.851337,38.02587
885,999,23.867846,37.997256
887,999,23.881899,37.990585
888,999,23.841043,38.130999
889,999,23.840212,38.131927
891,999,23.754111,37.980018
892,999,23.872167,37.993774
893,999,23.839482,38.131328
895,999,23.931139,37.873878
896,999,23.816439,38.086505
897,999,23.841133,38.130988
898,999,23.807546,38.010116
899,999,23.799608,38.098292
900,999,23.819794,38.057799
901,999,23.864097,37.986285
903,999,23.839865,38.131915
905,999,23.820127,38.034076
906,999,23.859585,38.001407
908,999,23.911186,37.867492
910,999,23.833923,38.025836
912,999,23.832281,38.119986
913,999,23.807222,38.045642
914,999,23.853516,38.180655
915,999,23.856085,38.003489
916,999,23.909675,37.869846
917,999,23.818306,38.087428
920,999,23.866588,38.016162
